Gene	sample	counts
AC018717.1	GSM1022678	1.0149928632180971
AC018717.1	GSM1022679	1.0886816601851197
AC018717.1	GSM1022680	1.0308436074633964
AC018717.1	GSM1022681	1.0311088135197646
AC018717.1	GSM1022682	1.0116578477926386
AC018717.1	GSM1022683	1.020863922442935
AC018717.1	GSM1022684	1.0578149423884136
AC018717.1	GSM1022685	1.0371148636315564
AC018717.1	GSM1022686	1.0604724495698388
AC018717.1	GSM1022687	1.1088805228290193
AC018717.1	GSM1022688	1.0595694172829608
AC018717.1	GSM1022689	1.028213009709356
AC018717.1	GSM1022690	1.1031801973034647
AC018717.1	GSM1022691	1.0928326885818789
AC018717.1	GSM1022692	1.0229984726241244
AC018717.1	GSM1022693	1.0134855975762167
AC018717.1	GSM1022694	1.0545664475046876
AC018717.1	GSM1022695	1.0298210946342734
AC018717.1	GSM1385778	1.0065008364545027
AC018717.1	GSM1385779	1.08831673889073
AC018717.1	GSM1385780	1.076969124990565
AC018717.1	GSM1385781	1.0160593920172551
AC018717.1	GSM1385782	1.010974028503044
AC018717.1	GSM1385783	1.072602630214062
AC018717.1	GSM1415906	1.006321233202252
AC018717.1	GSM1415907	1.0141084146970722
AC018717.1	GSM1415908	1.0241144897647825
AC018717.1	GSM1415909	1.0137465254422466
AC018717.1	GSM1415910	1.0149928632180971
AC018717.1	GSM1415911	1.0101171841971937
AC018717.1	GSM1415912	1.182512101984153
AC018717.1	GSM1415913	1.1954362057291898
AC018717.1	GSM1415914	1.1372485303867734
AC018717.1	GSM1415915	1.1104272564901518
AC018717.1	GSM1415916	1.1091395235784829
AC018717.1	GSM1415917	1.1335736061479336
AC018717.1	GSM1415918	1.14248870104818
AC018717.1	GSM1415919	1.1435660966331045
AC018717.1	GSM1415920	1.1170792534511031
AC018717.1	GSM1415921	1.0789086069095255
AC018717.1	GSM2769390	1.049114201454456
AC018717.1	GSM2769391	1.0447696856901132
AC018717.1	GSM2769392	1.0329916712135618
AC018717.1	GSM2769393	1.026969767993484
AC018717.1	GSM2769394	1.017679101810684
AC018717.1	GSM2769395	1.0389231941618595
AC018717.1	GSM2769396	1.0203367258104672
AC018717.1	GSM2769397	1.0478235991023386
AC018717.1	GSM2769398	1.0511612257547172
AC018717.1	GSM3103946	1.0096769883151675
AC018717.1	GSM3103947	0.9117836140755504
AC018717.1	GSM3103948	0.6264670386727971
AC018717.1	GSM3103949	0.8116746052912999
AC018717.1	GSM3103950	0.5759736708637253
AC018717.1	GSM3103951	1
AC018717.1	GSM3103952	1.0054443410007048
AC018717.1	GSM3103953	1.0101171841971937
AC018717.1	GSM3103954	1.004388954520296
AC018717.1	GSM3103955	0.46965331324653425
AC018717.1	GSM3103956	1.0218297981950817
AC018717.1	GSM3103957	1.0133047479406865
AC018717.1	GSM3103958	1.0205188304787385
AC018717.1	GSM3103959	1.0031556375768678
AC018717.1	GSM3103960	1.002102653483695
AC018717.1	GSM3103961	0.8660659432922149
AC018717.1	GSM3103962	1.0073786500721709
AC018717.1	GSM3103963	3.06740910913374
AC018717.1	GSM3103964	1.0101171841971937
AC018717.1	GSM3103965	1.0027184754459773
AC018717.1	GSM4260265	1.0111785897562977
AC018717.1	GSM4260266	1.007793796528983
AC018717.1	GSM4260267	1.0209637531539166
AC018717.1	GSM4260268	1.0212022389679882
AC018717.1	GSM4260269	1.0112256576006524
AC018717.1	GSM4260270	1.0084371780489607
AC018717.1	GSM4260271	1.0381691192461002
AC018717.1	GSM4260272	1.031794725850175
AC018717.1	GSM4260273	1.005882691546114
AC018717.1	GSM4260274	1.039114459048853
AC018717.1	GSM4260275	1.0300705159989183
AC018717.1	GSM4260276	1.0086171589446156
AC018717.1	GSM4735785	1.1241583234625787
AC018717.1	GSM4735786	1.05207499443912
AC018717.1	GSM4735787	1.041096943231955
AC018717.1	GSM4735788	1.0615495601063798
AC018717.1	GSM4735789	1.0531587528031856
AC018717.1	GSM4735790	1.0624726893191856
AC018717.1	GSM4735791	1.0871027019164097
AC018717.1	GSM4735792	1.119522653616255
AC018717.1	GSM4735793	1.0950706995974604
AC018717.1	GSM4735794	1.073004610131236
AC018717.1	GSM4735795	1.0485009745543108
AC018717.1	GSM4735796	1.1345222112631277
AC018717.1	GSM4735797	1.1166577862322071
AC018717.1	GSM4735798	1.1431313903741345
AC018717.1	GSM4735799	1.1303004052343573
AC018717.1	GSM4735800	1.1336053776903567
AC018717.1	GSM4735801	1.08578255609448
AC018717.1	GSM4735802	1.0404467493865326
AC018717.1	GSM4735803	1.0290012974998244
AC018717.1	GSM4735804	1.0579760419913706
AC018717.1	GSM5282507	0.9404724382057024
AC018717.1	GSM5282508	1.0086171589446156
AC018717.1	GSM5282509	1
AC018717.1	GSM5282510	1.0362709230555889
AC018717.1	GSM5282511	1.0176706758708058
AC018717.1	GSM5282512	1.0111785897562977
AC018717.1	GSM5282513	1.0031556375768678
AC018717.1	GSM5282514	0.9596936719838556
AC018717.1	GSM5282515	1.0116194403019223
AC018717.1	GSM5282516	1.0205188304787385
AC018717.1	GSM5282517	1.015616606598635
AC018717.1	GSM5282518	0.9572331864652024
AC018717.1	GSM5282519	1.0438859933835571
AC018717.1	GSM5282520	1.0134855975762167
AC018717.1	GSM5282521	1.0101171841971937
AC018717.1	GSM5282522	1.0111785897562977
AC018717.1	GSM5282523	0.9658029135504892
AC018717.1	GSM5282524	1
AC018717.1	GSM5282525	1
AC018717.1	GSM5282526	0.9609573770986468
AC018717.1	GSM5282527	1
AC018717.1	GSM5282528	1.006321233202252
AC018717.1	GSM5282529	1
AC018717.1	GSM5282530	1.005882691546114
AC018717.1	GSM5282531	1.0128631629599931
AC018717.1	GSM5282532	1
AC018717.1	GSM5282533	0.7846421808165844
AC018717.1	GSM5282534	1
AC018717.1	GSM5282535	1
AC018717.1	GSM5282536	1.0010430245262634
AC018717.1	GSM4260927	1.002102653483695
AC018717.1	GSM4260928	0.6454556071292703
AC018717.1	GSM4260929	0.5819498173626707
AC018717.1	GSM4260930	1
AC018717.1	GSM4260931	1.0069396476075654
AC018717.1	GSM4260932	1.0042097281190625
AC018717.1	GSM4260933	0.8337188926476333
AC018717.1	GSM4260934	2.0063112751537355
AC018717.1	GSM4260935	1.0115205232858615
AC018717.1	GSM4260936	1.019265707215034
AC018717.1	GSM4260937	1
AC018717.1	GSM4260938	1.0463449709305277
AC018717.1	GSM4260939	1.0031556375768678
AC018717.1	GSM4260940	1.009398108835883
AC018717.1	GSM4260941	1
AC018717.1	GSM4260942	1
AC018717.1	GSM4260943	1.018179658672215
AC018717.1	GSM4260944	0.7901896247624465
AC018717.1	GSM4260945	1.0079977142916818
AC018717.1	GSM4260946	0.5510337199157896
AC018717.1	GSM4260947	1.024185544737989
AC018717.1	GSM4260948	0.738271663668315
AC018717.1	GSM4260949	1.031105756209081
AC018717.1	GSM4260950	1
AC018717.1	GSM4260951	0.862210537914432
AC018717.1	GSM4260952	0.9753607534609672
AC018717.1	GSM4260953	1
AC018717.1	GSM4260954	1.0101171841971937
AC018717.1	GSM4260955	1.0443980245860167
AC018717.1	GSM4260956	1.0217542627391865
AC018717.1	GSM4260957	0.9152572351260038
AC018717.1	GSM4260958	2.090028250680739
AC018717.1	GSM4260959	1.0185158160198071
AC018717.1	GSM4260960	1.0094968183001447
AC018717.1	GSM4260961	1.0052649262729068
AC018717.1	GSM4260962	1.0071193612313702
AC018717.1	GSM4260963	1
AC018717.1	GSM4260964	1.002102653483695
AC018717.1	GSM4260965	1.0480118219614296
AC018717.1	GSM4260966	1
AC018717.1	GSM4260967	0.855221335255545
AC018717.1	GSM4260968	1.0031556375768678
AC018717.1	GSM4260969	1.0052649262729068
AC018717.1	GSM4260970	0.7676598544628919
AC018717.1	GSM4260971	1.2561968317792602
AC018717.1	GSM4260972	1.015304770291522
AC018717.1	GSM4260973	1.0069396476075654
AC018717.1	GSM4260974	1.0187219032840784
AC018717.1	GSM4260975	1.0037721066292744
AC018717.1	GSM4260976	1
AC018717.1	GSM4260977	1.0373329762545018
AC018717.1	GSM4260978	1
AC018717.1	GSM4260979	1
AC018717.1	GSM4260980	0.8593821143822014
AC018717.1	GSM4260981	0.6932997731541387
AC018717.1	GSM4260982	1.006321233202252
AC018717.1	GSM4260983	1.0171270414978684
AC018717.1	GSM4260984	0.8100455500270124
AC018717.1	GSM4260985	0.710173072721408
AC018717.1	GSM4260986	0.7514549828230019
AC018717.1	GSM4260987	1.0536280474406272
AC018717.1	GSM4260988	1.016685793974575
AC018717.1	GSM4260989	1
AC018717.1	GSM4260990	1
AC018717.1	GSM4260991	1.0052649262729068
AC018717.1	GSM4260992	0.7239781904071776
AC018717.1	GSM4260993	1.0194476207331868
AC018717.1	GSM4260994	1
AC018717.1	GSM4260995	1.0305782789853644
AC018717.1	GSM4260996	0.8209594956916948
AC018717.1	GSM4260997	1
AC018717.1	GSM4260998	0.7888686720766255
AC018717.1	GSM4260999	1.0027184754459773
AC018717.1	GSM4261000	1.022963108723893
AC018717.1	GSM4261001	1
AC018717.1	GSM4261002	1.0686315569478149
AC018717.1	GSM4261003	1.006321233202252
AC018717.1	GSM4261004	2.0938406941746783
AC018717.1	GSM4261005	1
AC018717.1	GSM4261006	1.0222189640586097
AC018717.1	GSM4261007	1.059023137674673
AC018717.1	GSM4261008	1.0031556375768678
AC018717.1	GSM4261009	1.0305588816235487
AC018717.1	GSM4261010	1.0573527504378613
AC018717.1	GSM4261011	1.0186397227305803
AC018717.1	GSM4261012	1.1521636110377214
AC018717.1	GSM4261013	1.035533229548271
AC018717.1	GSM4261014	1.032686174919233
AC018717.1	GSM4261015	1.0165023704801062
AC018717.1	GSM4261016	1.004826844941539
AC018717.1	GSM4261017	1.0145505425788048
AC018717.1	GSM4261018	0.6598775488939715
AC018717.1	GSM4261019	1.0194476207331868
AC018717.1	GSM4261020	1.0794604597647677
AC018717.1	GSM4261021	1.0353679331740913
AC018717.1	GSM4261022	1.008177616754012
AC018717.1	GSM4261023	1.004388954520296
AC018717.1	GSM4261024	1.046087500606099
AC018717.1	GSM4261025	1.030483911825718
AC018717.1	GSM4261026	1.0460126567107848
AC018717.1	GSM4261027	0.9295918496869188
AC018717.1	GSM4818000	1.0148590600281953
AC018717.1	GSM4818001	1.0529126092797554
AC018717.1	GSM4818002	1.0358193297155989
AC018717.1	GSM4818003	1.0573255696962722
AC018717.1	GSM4818004	1.180393650637631
AC018717.1	GSM4818005	1.0778621231566528
AC018717.1	GSM4818006	1.1865753126452228
AC018717.1	GSM4818007	1.1906613995587665
AC018717.1	GSM4818008	1.0171270414978684
AC018717.1	GSM4818009	1.049549533604482
AC018717.1	GSM4818010	1.0971448421687486
AC018717.1	GSM4818011	1.1446027103872318
AC018717.1	GSM4818012	1.0166837908115425
AC018717.1	GSM4818013	1.0362709230555889
AC018717.1	GSM4818014	1.1681827290169344
AC018717.1	GSM4818015	1.083493271513882
AC018717.1	GSM4818016	1.0638862153272983
AC018717.1	GSM4818017	1.0249978412128151
AC018717.1	GSM4818018	1.0360041976426817
AC018717.1	GSM4818019	1.0168461042644938
AC018717.1	GSM4818020	1.0137465254422466
AC018717.1	GSM4818021	1.0186397227305803
AC018717.1	GSM4818022	1.066273626617109
AC018717.1	GSM4818023	1.0980352910845552
AC018717.1	GSM3056394	1.0671971411560988
AC018717.1	GSM3056395	1.133705193223047
AC018717.1	GSM3056396	1.203522155752025
AC018717.1	GSM3056397	1.0736079330791972
AC018717.1	GSM3056398	1.0205188304787385
AC018717.1	GSM3056399	1.0997159648995063
AC018717.1	GSM3056400	1.0751432370066922
AC018717.1	GSM3056401	1.0560363314371135
AC018717.1	GSM3056402	1.0757745868233608
AC018717.1	GSM3056403	1.0438151284577408
AC018717.1	GSM3056404	1.0217876980106086
AC018717.1	GSM3056405	1.1407630523006334
AC018717.1	GSM3056406	1.0920290281894016
AC018717.1	GSM3056407	1.0946187709781108
AC018717.1	GSM3056408	1.051302402577222
AC018717.1	GSM3056409	1.0516329533829845
AC018717.1	GSM3056410	1.2063342432114983
AC018717.1	GSM3056411	1.2456982018473386
AC018717.1	GSM3056412	1.1918056890427493
AC018717.1	GSM3056413	1.1508553648838002
AC018717.1	GSM3056414	1.028841826666172
AC018717.1	GSM3056415	1.0579799460345516
AC018717.1	GSM3056416	1.2099057083768017
AC018717.1	GSM3056417	1.0643159022656992
AC018717.1	GSM3056418	1.0171270414978684
AC018717.1	GSM3056419	1.1049801633331209
AC018717.1	GSM3056420	1.028396520097945
AC018717.1	GSM3056421	1.128135411167967
AC018717.1	GSM3056422	1.1379442381081375
AC018717.1	GSM3056423	1.2189788698148885
AC018717.1	GSM3056424	1.1011144214313489
AC018717.1	GSM3056425	1.1975332789795994
AC018717.1	GSM3056426	1.0466890534922917
AC018717.1	GSM3056427	1.1736616871026193
AC018717.1	GSM3056428	1.036458291289237
AC018717.1	GSM3056429	1.10257721610693
AC018717.1	GSM3056430	1.052417069693916
AC018717.1	GSM3056431	1.142439781228339
AC018717.1	GSM3056432	1.059849697095764
AC018717.1	GSM3056433	1.184271708569342
AC018717.1	GSM3056434	1.0367049728965188
AC018717.1	GSM3056435	1.1519063682458093
AC018717.1	GSM3056436	1.1394543927279692
AC018717.1	GSM3056437	1.1397234185202714
AC018717.1	GSM3056438	1.0890492244477346
AC018717.1	GSM3056439	1.1115592369546867
AC018717.1	GSM3056440	1.2274454144782774
AC018717.1	GSM3056441	1.2448635470620568
AC018717.1	GSM3056442	1.0186872166163066
AC018717.1	GSM3056443	1.0336459304989285
AC018717.1	GSM3056444	1.1444199091912266
AC018717.1	GSM3056445	1.0494980139587593
AC018717.1	GSM3056446	1.019059509939322
AC018717.1	GSM3056447	1.015435376698988
AC018717.1	GSM3056448	1.024185544737989
AC018717.1	GSM3056449	1.0947620158572255
AC018717.1	GSM3056450	1.0222189640586097
AC018717.1	GSM3056451	1.103382198875546
AC018717.1	GSM3056452	1.044095844834663
AC018717.1	GSM3056453	1.0279483583199658
AC018717.1	GSM3056454	1.096730865362172
AC018717.1	GSM3056455	1.03045811269268
AC018717.1	GSM3056456	1.0263390520415825
AC018717.1	GSM3056457	1.1384325687729644
AC018717.1	GSM3056458	1.2557940495074096
AC018717.1	GSM3056459	1.1481121974989528
AC018717.1	GSM3056460	1.1837356292037229
AC018717.1	GSM3056461	1.1469577367468486
AC018717.1	GSM3056462	1.1117090454229606
AC018717.1	GSM3056463	1.2008842961788255
AC018717.1	GSM3056464	1.1844698293014613
AC018717.1	GSM3056465	1.1865971827336304
AC018717.1	GSM3056466	1.1136536085485649
AC018717.1	GSM3056467	1.1108302800333494
AC018717.1	GSM3056468	1.0322660267276402
AC018717.1	GSM3056469	1.1699582550602945
AC018717.1	GSM3056470	1.1758048483689
AC018717.1	GSM3056471	1.174293011298832
AC018717.1	GSM3056472	1.1379848797326688
AC018717.1	GSM3056473	1.1575030241811295
AC018717.1	GSM3056474	1.051161031313454
AC018717.1	GSM3056475	1.0840707430357266
AC018717.1	GSM3056476	1.0948635770598911
AC018717.1	GSM3056477	1.2185730406811457
AC018717.1	GSM3056478	1.0291291295538048
AC018717.1	GSM3056479	1.06765514956321
AC018717.1	GSM3056480	1.0840048100905328
AC018717.1	GSM3056481	1.0662480451428855
AC018717.1	GSM3056482	1.0284970874248096
AC018717.1	GSM3056483	1.037083044585549
AC018717.1	GSM3056484	1.0273170413644623
AC018717.1	GSM3056485	1.0205188304787385
AC018717.1	GSM3056486	1.005882691546114
AC018717.1	GSM3056487	1.0525949269761783
AC018717.1	GSM3056488	1.031518738576124
AC018717.1	GSM3056489	1.0397265506759497
AC018717.1	GSM3056490	1.178211829351184
AC018717.1	GSM3056491	1.1170910902175606
AC018717.1	GSM3056492	1.1773943537710445
AC018717.1	GSM3056493	1.0334101908671247
AC018717.1	GSM3056494	1.107819707326396
AC018717.1	GSM3056495	1.0271337236015363
AC018717.1	GSM3056496	1.1222050399297292
AC018717.1	GSM3056497	1.0570700324938929
AC018717.1	GSM3056498	1.04694188654587
AC018717.1	GSM3056499	1.133744875697002
AC018717.1	GSM3056500	1.0444565839797195
AC018717.1	GSM3056501	1.0721551792376132
AC018717.1	GSM3056502	1.08857641851191
AC018717.1	GSM3056503	1.0877459618960363
AC018717.1	GSM3056504	1.1739892933880247
AC018717.1	GSM3056505	1.1083611066445016
AC018717.1	GSM3056506	1.14303534568626
AC018717.1	GSM3056507	1.0645585925319514
AC018717.1	GSM3056508	1.0605981271892662
AC018717.1	GSM3056509	1.1710186025667155
AC018717.1	GSM3056510	1.0600974424460647
AC018717.1	GSM3056511	1.028844877264124
AC018717.1	GSM3056512	1.0415280172615249
AC018717.1	GSM3056513	1.0183775354062
AC018717.1	GSM3056514	1.0283560960248197
AC018717.1	GSM3056515	1.0296414890289598
AC018717.1	GSM3056516	1.0468296639104129
AC018717.1	GSM3056517	1.1385686106867394
AC018717.1	GSM3056518	1.1006347876319424
AC018717.1	GSM3056519	1.0557300588066605
AC018717.1	GSM3056520	1.033094454356601
AC018717.1	GSM3056521	1.035348445662253
AC018717.1	GSM3056522	1.0222189640586097
AC018717.1	GSM3056523	1.0205188304787385
AC018717.1	GSM3056524	1.0895172463745693
AC018717.1	GSM3056525	1.0648948898686688
AC018717.1	GSM3056526	1.1027838789963782
AC018717.1	GSM3056527	1.0342901535277809
AC018717.1	GSM3056528	1.0471888853238862
AC018717.1	GSM3056529	1.1911873485830604
AC018717.1	GSM3056530	1.047854970580807
AC018717.1	GSM3056531	1.0137344309370018
AC018717.1	GSM3056532	1.1061955915650974
AC018717.1	GSM3056533	1.0133047479406865
AC018717.1	GSM3056534	1.196922523601421
AC018717.1	GSM3056535	1.20973449569459
AC018717.1	GSM3056536	1.062706751863823
AC018717.1	GSM3056537	1.0569523428876488
AC018717.1	GSM3056538	1.0541658556645055
AC018717.1	GSM3056539	1.0866531352297344
AC018717.1	GSM3056540	1.04457401461463
AC018717.1	GSM3056541	1.1164056277191816
AC018717.1	GSM3056542	1.1414285972236486
AC018717.1	GSM3056543	1.0678586730946968
AC018717.1	GSM3056544	1.0367049728965188
AC018717.1	GSM3056545	1.0185158160198071
AC018717.1	GSM3056546	1.0259038366624134
AC018717.1	GSM3056547	1.090333757511899
AC018717.1	GSM3056548	1.060928056245836
AC018717.1	GSM3056549	1.0252617329741118
AC018717.1	GSM3056550	1.0767860670853031
AC018717.1	GSM3056551	1.200061330063647
AC018717.1	GSM3056552	1.0641348781497308
AC018717.1	GSM3056553	1.0192317946208482
AC018717.1	GSM3056554	1.0465021711092777
AC018717.1	GSM3056555	1.0447451495176634
AC018717.1	GSM3056556	1.0205750651579029
AC018717.1	GSM3056557	1.0162407332880792
AC018717.1	GSM3056558	1.0368882259445316
AC018717.1	GSM3056559	1.0243368348463535
AC018717.1	GSM3056560	1.082443291012517
AC018717.1	GSM3056561	1.0318868335291314
AC018717.1	GSM3056562	1.0140405146825942
AC018717.1	GSM3056563	1.0469198056292055
AC018717.1	GSM3056564	1.0274175031286488
AC018717.1	GSM3056565	1.0078991514110949
AC018717.1	GSM3056566	1.0166837908115425
AC018717.1	GSM3056567	1.0316611845447583
AC018717.1	GSM3056568	1.0865508035998022
AC018717.1	GSM3056569	1.0263390520415825
AC018717.1	GSM3056570	1.0185592904078271
AC018717.1	GSM3056571	1.0429884209417746
AC018717.1	GSM3056572	1.00923698426476
AC018717.1	GSM3056573	1.0033346758492183
AC018717.1	GSM3056574	1.0124217704162704
AC018717.1	GSM3056575	1.0324454173830415
AC018717.1	GSM3056576	1.0644088459728431
AC018717.1	GSM3056577	1.0847063529232417
AC018717.1	GSM3056578	1.0268402569519524
AC018717.1	GSM3056579	1.0095203518255988
AC018717.1	GSM3056580	1.005882691546114
AC018717.1	GSM3056581	1.0462739390753122
AC018717.1	GSM3056582	1.0312807276593572
AC018717.1	GSM3056583	1.1353918984205518
AC018717.1	GSM3056584	1.028251445509121
AC018717.1	GSM3056585	1.1247568437508162
AC018717.1	GSM3056586	1.0189841792680072
AC018717.1	GSM3056587	1.062204574005858
AC018717.1	GSM3056588	1.0421631481455746
AC018717.1	GSM3056589	1.0524566049070392
AC018717.1	GSM3056590	1.1134301312183068
AC018717.1	GSM3056591	1.0597481520920962
AC018717.1	GSM3056592	1.1026747034162443
AC018717.1	GSM3056593	1.024470201518738
AC018717.1	GSM3056594	1.0875747702391918
AC018717.1	GSM3056595	1.0484273363113228
AC018717.1	GSM1701327	1.006321233202252
AC018717.1	GSM1701328	1.0071193612313702
AC018717.1	GSM1701329	1.012241110613486
AC018717.1	GSM1701330	1.005882691546114
AC018717.1	GSM1701331	1.005882691546114
AC018717.1	GSM1701332	1.0069396476075654
AC018717.1	GSM1701333	1.0102974649320628
AC018717.1	GSM1701334	1.012241110613486
AC018717.1	GSM1701335	1.0052649262729068
AC018717.1	GSM1701336	1.0071193612313702
AC018717.1	GSM1701337	1.0086795453650572
AC018717.1	GSM1701338	1.0133047479406865
AC018717.1	GSM1701339	1.0090568927654775
AC018717.1	GSM1701340	1.0094968183001447
AC018717.1	GSM1701341	1.0602725763421132
AC018717.1	GSM1701342	1.059295789449943
AC018717.1	GSM1701343	1.0573627704908666
AC018717.1	GSM1701344	1.06141792756223
AC018717.1	GSM1701345	1.058161293559615
AC018717.1	GSM1701346	1.058826283724254
AC018717.1	GSM1701347	1.0601890413836794
AC018717.1	GSM1701348	1.0616947414249631
AC018717.1	GSM1701349	1.0605781647991852
AC018717.1	GSM1701350	1.0597056086923635
AC018717.1	GSM1701351	1.0603997977530852
AC018717.1	GSM1701352	1.0603011325855043
AC018717.1	GSM1701353	1.0626753474829336
AC018717.1	GSM1701354	1.0605781647991852
AC018717.1	GSM2430372	1.0263390520415825
AC018717.1	GSM2430373	1.178989199412623
AC018717.1	GSM2430374	1.0073786500721709
AC018717.1	GSM2430375	1.017308573317508
AC018717.1	GSM2430376	1.0174709865169165
AC018717.1	GSM2430377	1.0177520963945978
AC018717.1	GSM2430378	1.0919431712017074
AC018717.1	GSM2430379	1.0761920654400507
AC018717.1	GSM2430380	1.1385686106867394
AC018717.1	GSM2430381	1.089075291289353
AC018717.1	GSM2430382	1.0128631629599931
AC018717.1	GSM2430383	1.0182587917304615
AC018717.1	GSM2430384	1.0541200267910429
AC018717.1	GSM2430385	1.0314622804585687
AC018717.1	GSM2430386	1.0743758296805517
AC018717.1	GSM3496511	1.019792350464111
AC018717.1	GSM3496512	1.0199950653592855
AC018717.1	GSM3496513	1.0330517092373654
AC018717.1	GSM3496514	1.0162407332880792
AC018717.1	GSM3496515	1.023591970618489
AC018717.1	GSM3496516	1.019265707215034
AC018717.1	GSM3496517	1.030612876099977
AC018717.1	GSM3496518	1.0307234102331888
AC018717.1	GSM3496519	1.024714730012369
AC018717.1	GSM3496520	1.0328137297731232
AC018717.1	GSM3496521	1.0227534888518934
AC018717.1	GSM3496522	1.0186397227305803
AC018717.1	GSM3496523	1.0174975635434254
AC018717.1	GSM3496524	1.0399035425594685
AC018717.1	GSM3496525	1.025386081006926
AC018717.1	GSM3496526	1.0240861562669816
AC018717.1	GSM3496527	1.0255344535778763
AC018717.1	GSM3496528	1.0218974130597691
AC018717.1	GSM3496529	1.0307428106917913
AC018717.1	GSM3496530	1.0260433290314774
AC018717.1	GSM3496531	1.0186397227305803
AC018717.1	GSM3496532	1.0140893273281248
AC018717.1	GSM3496533	1.0160593920172551
AC018717.1	GSM3496534	1.024185544737989
AC018717.1	GSM3496535	1.0251996317653735
AC018717.1	GSM3496536	1.0246145325276546
AC018717.1	GSM3496537	1.0229600460882833
AC018717.1	GSM3496538	1.024978548885011
AC018717.1	GSM3890958	1.0231082343106737
AC018717.1	GSM3890959	1.0174709865169165
AC018717.1	GSM3890960	1.0206817561953416
AC018717.1	GSM3890961	1.0160593920172551
AC018717.1	GSM3890962	1.0140405146825942
AC018717.1	GSM3890963	1.0128357016133516
AC018717.1	GSM3995429	0.5370078662815422
AC018717.1	GSM3995430	1.012241110613486
AC018717.1	GSM3995431	1.023996142678994
AC018717.1	GSM3995432	1.0204576260783185
AC018717.1	GSM3995433	1.008177616754012
AC018717.1	GSM3995434	1.0128631629599931
AC018717.1	GSM3995435	2.011765383092228
AC018717.1	GSM3995436	1
AC018717.1	GSM3995437	1.0101171841971937
AC018717.1	GSM3995438	1
AC018717.1	GSM3995439	1.0062256738876167
AC018717.1	GSM3995440	1
AC018717.1	GSM3995441	1.015435376698988
AC018717.1	GSM3995442	1.0052649262729068
AC018717.1	GSM3995443	1
AC018717.1	GSM3995444	0.6992800139115648
AC018717.1	GSM3995445	1.0073786500721709
AC018717.1	GSM3995446	1.006321233202252
AC018717.1	GSM4559002	1.0143695029110564
AC018717.1	GSM4559003	1.011218440727335
AC018717.1	GSM4559004	1.0137465254422466
AC018717.1	GSM4559005	1.0119710465213243
AC018717.1	GSM4559006	1.0148590600281953
AC018717.1	GSM4559007	1.0109183228503416
AC018717.1	GSM4559008	1.0143695029110564
AC018717.1	GSM4559009	1.012583403438145
AC018717.1	GSM4559010	1.0203367258104672
AC018717.1	GSM4559011	1.014811744621229
AC018717.1	GSM4559012	1.0164029760069468
AC018717.1	GSM4559013	1.0196103754312746
AC018717.1	GSM5088149	1.0307097903287668
AC018717.1	GSM5088151	1.013927453924048
AC018717.1	GSM5088153	1.0226799346893198
AC018717.1	GSM5088155	1.0313762328846994
AC018717.1	GSM5088157	1.02015465363754
AC018717.1	GSM5088159	1.0274175031286488
AC018717.1	GSM5088161	1.0066615241999353
AC018717.1	GSM5088163	1.033176034474096
AC018717.1	GSM5088164	1.0284725465974855
AC018717.1	GSM5088166	1.032174804622037
AC018717.1	GSM5088168	1.015925448230349
AC018717.1	GSM5088170	1.020863922442935
AC018717.1	GSM5088172	1.0403654936449642
AC018717.1	GSM5088174	1.022036556013025
AC018717.1	GSM5088176	1.0117999891520548
AC018717.1	GSM5088178	1.0258917868813222
AC018717.1	GSM5088180	1.0160593920172551
AC018717.1	GSM5088182	1.0262739242315972
AC018717.1	GSM5088184	1.0137223365760504
AC018717.1	GSM5088186	1.0193074884493565
AC018717.1	GSM5088188	1.0101171841971937
AC018717.1	GSM5088190	1.0187944029733862
AC018717.1	GSM5088192	1.0117999891520548
AC018717.1	GSM5088194	1.031105756209081
AC018717.1	GSM5088196	1.0136474004379774
AC018717.1	GSM5088198	1.02385819574147
AC018717.1	GSM5088200	1.0203367258104672
AC018717.1	GSM5088202	1.005882691546114
AC018717.1	GSM5088204	1.0352000886305022
AC018717.1	GSM5088206	1.0148936163458522
AC018717.1	GSM5088208	1.0111785897562977
AC018717.1	GSM5088210	1.0248149372954374
AC018717.1	GSM5088212	1.0069396476075654
AC018717.1	GSM5088214	1.0196103754312746
AC018717.1	GSM5088216	1.0088527607311577
AC018717.1	GSM5088218	1.026522227975446
AC018717.1	GSM5088220	1.0133921639356958
AC018717.1	GSM5088222	1.0242613383331167
AC018717.1	GSM5088224	1.013468027672391
AC018717.1	GSM5088226	1.023010445525838
AC018717.1	GSM5088227	1.0133047479406865
AC018717.1	GSM5088229	1.0197100835573685
AC018717.1	GSM5088231	1.0107379313275848
AC018717.1	GSM5088233	1.0228278962457495
AC018717.1	GSM5088235	1.0198920763856196
AC018717.1	GSM5088237	1.019265707215034
AC018717.1	GSM5088239	1.0241046745142437
AC018717.1	GSM5088241	1.002102653483695
AC018717.1	GSM5088243	1.0316898669042749
AC018717.1	GSM5088245	1.0107379313275848
AC018717.1	GSM5088247	1.0254810340328455
AC018717.1	GSM5088249	1.008177616754012
AC018717.1	GSM5088251	1.021833246373565
AC018717.1	GSM5088253	1.0180141226960024
AC018717.1	GSM5088255	1.0248149372954374
AC018717.1	GSM5088257	1.0069396476075654
AC018717.1	GSM5088259	1.012989652590018
AC018717.1	GSM5088261	1.019059509939322
AC018717.1	GSM5088263	1.0331252944477782
AC018717.1	GSM5088265	1.0134855975762167
AC018717.1	GSM5088267	1.0279483583199658
AC018717.1	GSM5088269	1.0231104861462117
AC018717.1	GSM5088271	1.0289454884360238
AC018717.1	GSM5088273	1.0119371834560729
AC018717.1	GSM5088275	1.0263390520415825
AC018717.1	GSM5088277	1.0075584420469712
AC018717.1	GSM5088279	1.0198920763856196
AC018717.1	GSM5088281	1.0128529238064856
AC018717.1	GSM5088283	1
AC018717.1	GSM5088285	1.0086171589446156
AC018717.1	GSM5088287	1.0342616696891775
AC018717.1	GSM5088289	1.0291291295538048
AC018717.1	GSM5088291	1.0444565839797195
AC018717.1	GSM5088293	1.0271285477368342
AC018717.1	GSM5088295	1.0303943792766896
AC018717.1	GSM5088297	1.0218974130597691
AC018717.1	GSM5088299	1.026686112133785
AC018717.1	GSM5088300	1.0340786412752847
AC018717.1	GSM5088302	1.0230276866545278
AC018717.1	GSM5088304	1.020863922442935
AC018717.1	GSM5088306	1.0319068837913443
AC018717.1	GSM5088308	1.0205188304787385
AC018717.1	GSM5088310	1.0224821403815345
AC018717.1	GSM5088312	1.03415704891956
AC018717.1	GSM5088314	1.0185401192652856
AC018717.1	GSM5088315	1.0257087234453983
AC018717.1	GSM5088317	1.0335649001524403
AC018717.1	GSM5088319	1.02363911594978
AC018717.1	GSM5088321	1.0284970874248096
AC018717.1	GSM5088323	1.0292877846062916
AC018717.1	GSM5088325	1.01833406877589
AC018717.1	GSM5088327	1.023556538723493
AC018717.1	GSM5088329	1.0278531705150975
AC018717.1	GSM5088330	1.0218236299461347
AC018717.1	GSM5088332	1.0290852040214158
