Gene	sample	counts
AP001042.1	GSM1022678	1.0149928632180971
AP001042.1	GSM1022679	1.0886816601851197
AP001042.1	GSM1022680	1.0308436074633964
AP001042.1	GSM1022681	1.0311088135197646
AP001042.1	GSM1022682	1.0116578477926386
AP001042.1	GSM1022683	1.020863922442935
AP001042.1	GSM1022684	1.0578149423884136
AP001042.1	GSM1022685	1.0371148636315564
AP001042.1	GSM1022686	1.0604724495698388
AP001042.1	GSM1022687	1.1088805228290193
AP001042.1	GSM1022688	1.0595694172829608
AP001042.1	GSM1022689	1.028213009709356
AP001042.1	GSM1022690	1.1031801973034647
AP001042.1	GSM1022691	1.0928326885818789
AP001042.1	GSM1022692	1.0229984726241244
AP001042.1	GSM1022693	1.0134855975762167
AP001042.1	GSM1022694	1.0545664475046876
AP001042.1	GSM1022695	1.0298210946342734
AP001042.1	GSM1385778	1.0065008364545027
AP001042.1	GSM1385779	1.08831673889073
AP001042.1	GSM1385780	1.076969124990565
AP001042.1	GSM1385781	1.0160593920172551
AP001042.1	GSM1385782	1.010974028503044
AP001042.1	GSM1385783	1.072602630214062
AP001042.1	GSM1415906	2.012642466404504
AP001042.1	GSM1415907	1.0141084146970722
AP001042.1	GSM1415908	1.0241144897647825
AP001042.1	GSM1415909	1.0137465254422466
AP001042.1	GSM1415910	1.0149928632180971
AP001042.1	GSM1415911	2.0202343683943873
AP001042.1	GSM1415912	1.182512101984153
AP001042.1	GSM1415913	1.1954362057291898
AP001042.1	GSM1415914	1.1372485303867734
AP001042.1	GSM1415915	1.1104272564901518
AP001042.1	GSM1415916	1.1091395235784829
AP001042.1	GSM1415917	1.1335736061479336
AP001042.1	GSM1415918	1.14248870104818
AP001042.1	GSM1415919	1.1435660966331045
AP001042.1	GSM1415920	1.1170792534511031
AP001042.1	GSM1415921	1.0789086069095255
AP001042.1	GSM2769390	1.049114201454456
AP001042.1	GSM2769391	1.0447696856901132
AP001042.1	GSM2769392	1.0329916712135618
AP001042.1	GSM2769393	1.026969767993484
AP001042.1	GSM2769394	1.017679101810684
AP001042.1	GSM2769395	1.0389231941618595
AP001042.1	GSM2769396	1.0203367258104672
AP001042.1	GSM2769397	1.0478235991023386
AP001042.1	GSM2769398	1.0511612257547172
AP001042.1	GSM3103946	3.0290309649455023
AP001042.1	GSM3103947	1.8235672281511008
AP001042.1	GSM3103948	1.8794011160183912
AP001042.1	GSM3103949	0.8116746052912999
AP001042.1	GSM3103950	0.5759736708637253
AP001042.1	GSM3103951	2
AP001042.1	GSM3103952	1.0054443410007048
AP001042.1	GSM3103953	2.0202343683943873
AP001042.1	GSM3103954	1.004388954520296
AP001042.1	GSM3103955	0.46965331324653425
AP001042.1	GSM3103956	1.0218297981950817
AP001042.1	GSM3103957	1.0133047479406865
AP001042.1	GSM3103958	1.0205188304787385
AP001042.1	GSM3103959	2.0063112751537355
AP001042.1	GSM3103960	1.002102653483695
AP001042.1	GSM3103961	1.7321318865844295
AP001042.1	GSM3103962	1.0073786500721709
AP001042.1	GSM3103963	5.1123485152229
AP001042.1	GSM3103964	1.0101171841971937
AP001042.1	GSM3103965	1.0027184754459773
AP001042.1	GSM4260265	1.0111785897562977
AP001042.1	GSM4260266	1.007793796528983
AP001042.1	GSM4260267	1.0209637531539166
AP001042.1	GSM4260268	1.0212022389679882
AP001042.1	GSM4260269	1.0112256576006524
AP001042.1	GSM4260270	1.0084371780489607
AP001042.1	GSM4260271	1.0381691192461002
AP001042.1	GSM4260272	1.031794725850175
AP001042.1	GSM4260273	1.005882691546114
AP001042.1	GSM4260274	2.078228918097706
AP001042.1	GSM4260275	1.0300705159989183
AP001042.1	GSM4260276	1.0086171589446156
AP001042.1	GSM4735785	1.1241583234625787
AP001042.1	GSM4735786	1.05207499443912
AP001042.1	GSM4735787	1.041096943231955
AP001042.1	GSM4735788	1.0615495601063798
AP001042.1	GSM4735789	1.0531587528031856
AP001042.1	GSM4735790	1.0624726893191856
AP001042.1	GSM4735791	1.0871027019164097
AP001042.1	GSM4735792	1.119522653616255
AP001042.1	GSM4735793	1.0950706995974604
AP001042.1	GSM4735794	1.073004610131236
AP001042.1	GSM4735795	1.0485009745543108
AP001042.1	GSM4735796	1.1345222112631277
AP001042.1	GSM4735797	1.1166577862322071
AP001042.1	GSM4735798	1.1431313903741345
AP001042.1	GSM4735799	1.1303004052343573
AP001042.1	GSM4735800	1.1336053776903567
AP001042.1	GSM4735801	1.08578255609448
AP001042.1	GSM4735802	1.0404467493865326
AP001042.1	GSM4735803	1.0290012974998244
AP001042.1	GSM4735804	1.0579760419913706
AP001042.1	GSM5282507	0.9404724382057024
AP001042.1	GSM5282508	1.0086171589446156
AP001042.1	GSM5282509	1
AP001042.1	GSM5282510	1.0362709230555889
AP001042.1	GSM5282511	1.0176706758708058
AP001042.1	GSM5282512	1.0111785897562977
AP001042.1	GSM5282513	1.0031556375768678
AP001042.1	GSM5282514	0.9596936719838556
AP001042.1	GSM5282515	1.0116194403019223
AP001042.1	GSM5282516	1.0205188304787385
AP001042.1	GSM5282517	1.015616606598635
AP001042.1	GSM5282518	0.9572331864652024
AP001042.1	GSM5282519	1.0438859933835571
AP001042.1	GSM5282520	1.0134855975762167
AP001042.1	GSM5282521	1.0101171841971937
AP001042.1	GSM5282522	1.0111785897562977
AP001042.1	GSM5282523	0.9658029135504892
AP001042.1	GSM5282524	1
AP001042.1	GSM5282525	1
AP001042.1	GSM5282526	0.9609573770986468
AP001042.1	GSM5282527	1
AP001042.1	GSM5282528	1.006321233202252
AP001042.1	GSM5282529	1
AP001042.1	GSM5282530	1.005882691546114
AP001042.1	GSM5282531	1.0128631629599931
AP001042.1	GSM5282532	1
AP001042.1	GSM5282533	0.7846421808165844
AP001042.1	GSM5282534	1
AP001042.1	GSM5282535	1
AP001042.1	GSM5282536	1.0010430245262634
AP001042.1	GSM4260927	1.002102653483695
AP001042.1	GSM4260928	0.6454556071292703
AP001042.1	GSM4260929	0.5819498173626707
AP001042.1	GSM4260930	1
AP001042.1	GSM4260931	1.0069396476075654
AP001042.1	GSM4260932	1.0042097281190625
AP001042.1	GSM4260933	0.8337188926476333
AP001042.1	GSM4260934	1.0031556375768678
AP001042.1	GSM4260935	1.0115205232858615
AP001042.1	GSM4260936	1.019265707215034
AP001042.1	GSM4260937	1
AP001042.1	GSM4260938	1.0463449709305277
AP001042.1	GSM4260939	1.0031556375768678
AP001042.1	GSM4260940	1.009398108835883
AP001042.1	GSM4260941	1
AP001042.1	GSM4260942	1
AP001042.1	GSM4260943	1.018179658672215
AP001042.1	GSM4260944	0.7901896247624465
AP001042.1	GSM4260945	1.0079977142916818
AP001042.1	GSM4260946	0.5510337199157896
AP001042.1	GSM4260947	1.024185544737989
AP001042.1	GSM4260948	0.738271663668315
AP001042.1	GSM4260949	1.031105756209081
AP001042.1	GSM4260950	1
AP001042.1	GSM4260951	0.862210537914432
AP001042.1	GSM4260952	0.9753607534609672
AP001042.1	GSM4260953	1
AP001042.1	GSM4260954	1.0101171841971937
AP001042.1	GSM4260955	1.0443980245860167
AP001042.1	GSM4260956	1.0217542627391865
AP001042.1	GSM4260957	1.8305144702520075
AP001042.1	GSM4260958	1.0450141253403695
AP001042.1	GSM4260959	1.0185158160198071
AP001042.1	GSM4260960	1.0094968183001447
AP001042.1	GSM4260961	1.0052649262729068
AP001042.1	GSM4260962	1.0071193612313702
AP001042.1	GSM4260963	1
AP001042.1	GSM4260964	1.002102653483695
AP001042.1	GSM4260965	1.0480118219614296
AP001042.1	GSM4260966	1
AP001042.1	GSM4260967	0.855221335255545
AP001042.1	GSM4260968	1.0031556375768678
AP001042.1	GSM4260969	1.0052649262729068
AP001042.1	GSM4260970	0.7676598544628919
AP001042.1	GSM4260971	0.6280984158896301
AP001042.1	GSM4260972	1.015304770291522
AP001042.1	GSM4260973	1.0069396476075654
AP001042.1	GSM4260974	1.0187219032840784
AP001042.1	GSM4260975	1.0037721066292744
AP001042.1	GSM4260976	1
AP001042.1	GSM4260977	1.0373329762545018
AP001042.1	GSM4260978	2
AP001042.1	GSM4260979	1
AP001042.1	GSM4260980	1.7187642287644027
AP001042.1	GSM4260981	0.6932997731541387
AP001042.1	GSM4260982	1.006321233202252
AP001042.1	GSM4260983	1.0171270414978684
AP001042.1	GSM4260984	0.8100455500270124
AP001042.1	GSM4260985	0.710173072721408
AP001042.1	GSM4260986	1.502909965646004
AP001042.1	GSM4260987	1.0536280474406272
AP001042.1	GSM4260988	2.03337158794915
AP001042.1	GSM4260989	2
AP001042.1	GSM4260990	1
AP001042.1	GSM4260991	1.0052649262729068
AP001042.1	GSM4260992	0.7239781904071776
AP001042.1	GSM4260993	1.0194476207331868
AP001042.1	GSM4260994	1
AP001042.1	GSM4260995	1.0305782789853644
AP001042.1	GSM4260996	0.8209594956916948
AP001042.1	GSM4260997	1
AP001042.1	GSM4260998	0.7888686720766255
AP001042.1	GSM4260999	1.0027184754459773
AP001042.1	GSM4261000	1.022963108723893
AP001042.1	GSM4261001	2
AP001042.1	GSM4261002	2.1372631138956297
AP001042.1	GSM4261003	1.006321233202252
AP001042.1	GSM4261004	1.0469203470873392
AP001042.1	GSM4261005	1
AP001042.1	GSM4261006	1.0222189640586097
AP001042.1	GSM4261007	1.059023137674673
AP001042.1	GSM4261008	1.0031556375768678
AP001042.1	GSM4261009	2.0611177632470974
AP001042.1	GSM4261010	2.1147055008757225
AP001042.1	GSM4261011	1.0186397227305803
AP001042.1	GSM4261012	1.1521636110377214
AP001042.1	GSM4261013	1.035533229548271
AP001042.1	GSM4261014	2.065372349838466
AP001042.1	GSM4261015	1.0165023704801062
AP001042.1	GSM4261016	1.004826844941539
AP001042.1	GSM4261017	1.0145505425788048
AP001042.1	GSM4261018	0.6598775488939715
AP001042.1	GSM4261019	1.0194476207331868
AP001042.1	GSM4261020	1.0794604597647677
AP001042.1	GSM4261021	2.0707358663481825
AP001042.1	GSM4261022	1.008177616754012
AP001042.1	GSM4261023	1.004388954520296
AP001042.1	GSM4261024	3.138262501818297
AP001042.1	GSM4261025	1.030483911825718
AP001042.1	GSM4261026	2.0920253134215696
AP001042.1	GSM4261027	0.9295918496869188
AP001042.1	GSM4818000	1.0148590600281953
AP001042.1	GSM4818001	1.0529126092797554
AP001042.1	GSM4818002	1.0358193297155989
AP001042.1	GSM4818003	1.0573255696962722
AP001042.1	GSM4818004	1.180393650637631
AP001042.1	GSM4818005	1.0778621231566528
AP001042.1	GSM4818006	1.1865753126452228
AP001042.1	GSM4818007	1.1906613995587665
AP001042.1	GSM4818008	1.0171270414978684
AP001042.1	GSM4818009	1.049549533604482
AP001042.1	GSM4818010	1.0971448421687486
AP001042.1	GSM4818011	1.1446027103872318
AP001042.1	GSM4818012	1.0166837908115425
AP001042.1	GSM4818013	1.0362709230555889
AP001042.1	GSM4818014	1.1681827290169344
AP001042.1	GSM4818015	1.083493271513882
AP001042.1	GSM4818016	1.0638862153272983
AP001042.1	GSM4818017	1.0249978412128151
AP001042.1	GSM4818018	1.0360041976426817
AP001042.1	GSM4818019	1.0168461042644938
AP001042.1	GSM4818020	1.0137465254422466
AP001042.1	GSM4818021	1.0186397227305803
AP001042.1	GSM4818022	1.066273626617109
AP001042.1	GSM4818023	1.0980352910845552
AP001042.1	GSM3056394	1.0671971411560988
AP001042.1	GSM3056395	1.133705193223047
AP001042.1	GSM3056396	1.203522155752025
AP001042.1	GSM3056397	1.0736079330791972
AP001042.1	GSM3056398	1.0205188304787385
AP001042.1	GSM3056399	1.0997159648995063
AP001042.1	GSM3056400	1.0751432370066922
AP001042.1	GSM3056401	1.0560363314371135
AP001042.1	GSM3056402	1.0757745868233608
AP001042.1	GSM3056403	1.0438151284577408
AP001042.1	GSM3056404	1.0217876980106086
AP001042.1	GSM3056405	1.1407630523006334
AP001042.1	GSM3056406	1.0920290281894016
AP001042.1	GSM3056407	1.0946187709781108
AP001042.1	GSM3056408	1.051302402577222
AP001042.1	GSM3056409	1.0516329533829845
AP001042.1	GSM3056410	1.2063342432114983
AP001042.1	GSM3056411	1.2456982018473386
AP001042.1	GSM3056412	1.1918056890427493
AP001042.1	GSM3056413	1.1508553648838002
AP001042.1	GSM3056414	1.028841826666172
AP001042.1	GSM3056415	1.0579799460345516
AP001042.1	GSM3056416	1.2099057083768017
AP001042.1	GSM3056417	1.0643159022656992
AP001042.1	GSM3056418	1.0171270414978684
AP001042.1	GSM3056419	1.1049801633331209
AP001042.1	GSM3056420	1.028396520097945
AP001042.1	GSM3056421	1.128135411167967
AP001042.1	GSM3056422	2.275888476216275
AP001042.1	GSM3056423	1.2189788698148885
AP001042.1	GSM3056424	1.1011144214313489
AP001042.1	GSM3056425	1.1975332789795994
AP001042.1	GSM3056426	1.0466890534922917
AP001042.1	GSM3056427	1.1736616871026193
AP001042.1	GSM3056428	1.036458291289237
AP001042.1	GSM3056429	1.10257721610693
AP001042.1	GSM3056430	1.052417069693916
AP001042.1	GSM3056431	1.142439781228339
AP001042.1	GSM3056432	1.059849697095764
AP001042.1	GSM3056433	1.184271708569342
AP001042.1	GSM3056434	1.0367049728965188
AP001042.1	GSM3056435	1.1519063682458093
AP001042.1	GSM3056436	1.1394543927279692
AP001042.1	GSM3056437	1.1397234185202714
AP001042.1	GSM3056438	1.0890492244477346
AP001042.1	GSM3056439	1.1115592369546867
AP001042.1	GSM3056440	1.2274454144782774
AP001042.1	GSM3056441	1.2448635470620568
AP001042.1	GSM3056442	1.0186872166163066
AP001042.1	GSM3056443	1.0336459304989285
AP001042.1	GSM3056444	1.1444199091912266
AP001042.1	GSM3056445	1.0494980139587593
AP001042.1	GSM3056446	1.019059509939322
AP001042.1	GSM3056447	1.015435376698988
AP001042.1	GSM3056448	1.024185544737989
AP001042.1	GSM3056449	1.0947620158572255
AP001042.1	GSM3056450	2.0444379281172194
AP001042.1	GSM3056451	1.103382198875546
AP001042.1	GSM3056452	1.044095844834663
AP001042.1	GSM3056453	1.0279483583199658
AP001042.1	GSM3056454	1.096730865362172
AP001042.1	GSM3056455	1.03045811269268
AP001042.1	GSM3056456	1.0263390520415825
AP001042.1	GSM3056457	1.1384325687729644
AP001042.1	GSM3056458	1.2557940495074096
AP001042.1	GSM3056459	1.1481121974989528
AP001042.1	GSM3056460	1.1837356292037229
AP001042.1	GSM3056461	1.1469577367468486
AP001042.1	GSM3056462	1.1117090454229606
AP001042.1	GSM3056463	1.2008842961788255
AP001042.1	GSM3056464	1.1844698293014613
AP001042.1	GSM3056465	1.1865971827336304
AP001042.1	GSM3056466	1.1136536085485649
AP001042.1	GSM3056467	1.1108302800333494
AP001042.1	GSM3056468	1.0322660267276402
AP001042.1	GSM3056469	1.1699582550602945
AP001042.1	GSM3056470	1.1758048483689
AP001042.1	GSM3056471	1.174293011298832
AP001042.1	GSM3056472	1.1379848797326688
AP001042.1	GSM3056473	1.1575030241811295
AP001042.1	GSM3056474	1.051161031313454
AP001042.1	GSM3056475	1.0840707430357266
AP001042.1	GSM3056476	1.0948635770598911
AP001042.1	GSM3056477	1.2185730406811457
AP001042.1	GSM3056478	1.0291291295538048
AP001042.1	GSM3056479	1.06765514956321
AP001042.1	GSM3056480	1.0840048100905328
AP001042.1	GSM3056481	1.0662480451428855
AP001042.1	GSM3056482	1.0284970874248096
AP001042.1	GSM3056483	1.037083044585549
AP001042.1	GSM3056484	1.0273170413644623
AP001042.1	GSM3056485	1.0205188304787385
AP001042.1	GSM3056486	1.005882691546114
AP001042.1	GSM3056487	1.0525949269761783
AP001042.1	GSM3056488	1.031518738576124
AP001042.1	GSM3056489	1.0397265506759497
AP001042.1	GSM3056490	1.178211829351184
AP001042.1	GSM3056491	1.1170910902175606
AP001042.1	GSM3056492	2.354788707542089
AP001042.1	GSM3056493	1.0334101908671247
AP001042.1	GSM3056494	1.107819707326396
AP001042.1	GSM3056495	1.0271337236015363
AP001042.1	GSM3056496	1.1222050399297292
AP001042.1	GSM3056497	1.0570700324938929
AP001042.1	GSM3056498	1.04694188654587
AP001042.1	GSM3056499	1.133744875697002
AP001042.1	GSM3056500	1.0444565839797195
AP001042.1	GSM3056501	1.0721551792376132
AP001042.1	GSM3056502	1.08857641851191
AP001042.1	GSM3056503	1.0877459618960363
AP001042.1	GSM3056504	1.1739892933880247
AP001042.1	GSM3056505	1.1083611066445016
AP001042.1	GSM3056506	1.14303534568626
AP001042.1	GSM3056507	1.0645585925319514
AP001042.1	GSM3056508	1.0605981271892662
AP001042.1	GSM3056509	1.1710186025667155
AP001042.1	GSM3056510	1.0600974424460647
AP001042.1	GSM3056511	1.028844877264124
AP001042.1	GSM3056512	1.0415280172615249
AP001042.1	GSM3056513	1.0183775354062
AP001042.1	GSM3056514	1.0283560960248197
AP001042.1	GSM3056515	1.0296414890289598
AP001042.1	GSM3056516	1.0468296639104129
AP001042.1	GSM3056517	1.1385686106867394
AP001042.1	GSM3056518	1.1006347876319424
AP001042.1	GSM3056519	1.0557300588066605
AP001042.1	GSM3056520	1.033094454356601
AP001042.1	GSM3056521	1.035348445662253
AP001042.1	GSM3056522	1.0222189640586097
AP001042.1	GSM3056523	1.0205188304787385
AP001042.1	GSM3056524	1.0895172463745693
AP001042.1	GSM3056525	1.0648948898686688
AP001042.1	GSM3056526	1.1027838789963782
AP001042.1	GSM3056527	1.0342901535277809
AP001042.1	GSM3056528	1.0471888853238862
AP001042.1	GSM3056529	1.1911873485830604
AP001042.1	GSM3056530	1.047854970580807
AP001042.1	GSM3056531	1.0137344309370018
AP001042.1	GSM3056532	1.1061955915650974
AP001042.1	GSM3056533	1.0133047479406865
AP001042.1	GSM3056534	1.196922523601421
AP001042.1	GSM3056535	1.20973449569459
AP001042.1	GSM3056536	1.062706751863823
AP001042.1	GSM3056537	1.0569523428876488
AP001042.1	GSM3056538	1.0541658556645055
AP001042.1	GSM3056539	1.0866531352297344
AP001042.1	GSM3056540	1.04457401461463
AP001042.1	GSM3056541	1.1164056277191816
AP001042.1	GSM3056542	1.1414285972236486
AP001042.1	GSM3056543	3.2035760192840907
AP001042.1	GSM3056544	1.0367049728965188
AP001042.1	GSM3056545	1.0185158160198071
AP001042.1	GSM3056546	1.0259038366624134
AP001042.1	GSM3056547	1.090333757511899
AP001042.1	GSM3056548	1.060928056245836
AP001042.1	GSM3056549	1.0252617329741118
AP001042.1	GSM3056550	1.0767860670853031
AP001042.1	GSM3056551	1.200061330063647
AP001042.1	GSM3056552	1.0641348781497308
AP001042.1	GSM3056553	1.0192317946208482
AP001042.1	GSM3056554	1.0465021711092777
AP001042.1	GSM3056555	1.0447451495176634
AP001042.1	GSM3056556	1.0205750651579029
AP001042.1	GSM3056557	1.0162407332880792
AP001042.1	GSM3056558	1.0368882259445316
AP001042.1	GSM3056559	1.0243368348463535
AP001042.1	GSM3056560	1.082443291012517
AP001042.1	GSM3056561	1.0318868335291314
AP001042.1	GSM3056562	1.0140405146825942
AP001042.1	GSM3056563	1.0469198056292055
AP001042.1	GSM3056564	1.0274175031286488
AP001042.1	GSM3056565	1.0078991514110949
AP001042.1	GSM3056566	1.0166837908115425
AP001042.1	GSM3056567	1.0316611845447583
AP001042.1	GSM3056568	1.0865508035998022
AP001042.1	GSM3056569	1.0263390520415825
AP001042.1	GSM3056570	1.0185592904078271
AP001042.1	GSM3056571	1.0429884209417746
AP001042.1	GSM3056572	1.00923698426476
AP001042.1	GSM3056573	1.0033346758492183
AP001042.1	GSM3056574	1.0124217704162704
AP001042.1	GSM3056575	1.0324454173830415
AP001042.1	GSM3056576	1.0644088459728431
AP001042.1	GSM3056577	1.0847063529232417
AP001042.1	GSM3056578	1.0268402569519524
AP001042.1	GSM3056579	1.0095203518255988
AP001042.1	GSM3056580	1.005882691546114
AP001042.1	GSM3056581	1.0462739390753122
AP001042.1	GSM3056582	1.0312807276593572
AP001042.1	GSM3056583	1.1353918984205518
AP001042.1	GSM3056584	1.028251445509121
AP001042.1	GSM3056585	1.1247568437508162
AP001042.1	GSM3056586	1.0189841792680072
AP001042.1	GSM3056587	1.062204574005858
AP001042.1	GSM3056588	1.0421631481455746
AP001042.1	GSM3056589	1.0524566049070392
AP001042.1	GSM3056590	1.1134301312183068
AP001042.1	GSM3056591	1.0597481520920962
AP001042.1	GSM3056592	1.1026747034162443
AP001042.1	GSM3056593	1.024470201518738
AP001042.1	GSM3056594	1.0875747702391918
AP001042.1	GSM3056595	1.0484273363113228
AP001042.1	GSM1701327	1.006321233202252
AP001042.1	GSM1701328	1.0071193612313702
AP001042.1	GSM1701329	1.012241110613486
AP001042.1	GSM1701330	1.005882691546114
AP001042.1	GSM1701331	1.005882691546114
AP001042.1	GSM1701332	1.0069396476075654
AP001042.1	GSM1701333	1.0102974649320628
AP001042.1	GSM1701334	2.0244822212269717
AP001042.1	GSM1701335	1.0052649262729068
AP001042.1	GSM1701336	1.0071193612313702
AP001042.1	GSM1701337	1.0086795453650572
AP001042.1	GSM1701338	1.0133047479406865
AP001042.1	GSM1701339	1.0090568927654775
AP001042.1	GSM1701340	1.0094968183001447
AP001042.1	GSM1701341	1.0602725763421132
AP001042.1	GSM1701342	1.059295789449943
AP001042.1	GSM1701343	1.0573627704908666
AP001042.1	GSM1701344	1.06141792756223
AP001042.1	GSM1701345	1.058161293559615
AP001042.1	GSM1701346	1.058826283724254
AP001042.1	GSM1701347	1.0601890413836794
AP001042.1	GSM1701348	1.0616947414249631
AP001042.1	GSM1701349	1.0605781647991852
AP001042.1	GSM1701350	1.0597056086923635
AP001042.1	GSM1701351	1.0603997977530852
AP001042.1	GSM1701352	1.0603011325855043
AP001042.1	GSM1701353	1.0626753474829336
AP001042.1	GSM1701354	1.0605781647991852
AP001042.1	GSM2430372	1.0263390520415825
AP001042.1	GSM2430373	1.178989199412623
AP001042.1	GSM2430374	1.0073786500721709
AP001042.1	GSM2430375	1.017308573317508
AP001042.1	GSM2430376	1.0174709865169165
AP001042.1	GSM2430377	1.0177520963945978
AP001042.1	GSM2430378	1.0919431712017074
AP001042.1	GSM2430379	1.0761920654400507
AP001042.1	GSM2430380	1.1385686106867394
AP001042.1	GSM2430381	1.089075291289353
AP001042.1	GSM2430382	1.0128631629599931
AP001042.1	GSM2430383	1.0182587917304615
AP001042.1	GSM2430384	1.0541200267910429
AP001042.1	GSM2430385	1.0314622804585687
AP001042.1	GSM2430386	1.0743758296805517
AP001042.1	GSM3496511	1.019792350464111
AP001042.1	GSM3496512	1.0199950653592855
AP001042.1	GSM3496513	1.0330517092373654
AP001042.1	GSM3496514	1.0162407332880792
AP001042.1	GSM3496515	1.023591970618489
AP001042.1	GSM3496516	1.019265707215034
AP001042.1	GSM3496517	1.030612876099977
AP001042.1	GSM3496518	1.0307234102331888
AP001042.1	GSM3496519	1.024714730012369
AP001042.1	GSM3496520	1.0328137297731232
AP001042.1	GSM3496521	1.0227534888518934
AP001042.1	GSM3496522	1.0186397227305803
AP001042.1	GSM3496523	1.0174975635434254
AP001042.1	GSM3496524	1.0399035425594685
AP001042.1	GSM3496525	1.025386081006926
AP001042.1	GSM3496526	1.0240861562669816
AP001042.1	GSM3496527	1.0255344535778763
AP001042.1	GSM3496528	1.0218974130597691
AP001042.1	GSM3496529	1.0307428106917913
AP001042.1	GSM3496530	1.0260433290314774
AP001042.1	GSM3496531	1.0186397227305803
AP001042.1	GSM3496532	1.0140893273281248
AP001042.1	GSM3496533	1.0160593920172551
AP001042.1	GSM3496534	1.024185544737989
AP001042.1	GSM3496535	1.0251996317653735
AP001042.1	GSM3496536	1.0246145325276546
AP001042.1	GSM3496537	1.0229600460882833
AP001042.1	GSM3496538	1.024978548885011
AP001042.1	GSM3890958	1.0231082343106737
AP001042.1	GSM3890959	1.0174709865169165
AP001042.1	GSM3890960	1.0206817561953416
AP001042.1	GSM3890961	1.0160593920172551
AP001042.1	GSM3890962	1.0140405146825942
AP001042.1	GSM3890963	1.0128357016133516
AP001042.1	GSM3995429	0.5370078662815422
AP001042.1	GSM3995430	1.012241110613486
AP001042.1	GSM3995431	1.023996142678994
AP001042.1	GSM3995432	1.0204576260783185
AP001042.1	GSM3995433	1.008177616754012
AP001042.1	GSM3995434	1.0128631629599931
AP001042.1	GSM3995435	1.005882691546114
AP001042.1	GSM3995436	1
AP001042.1	GSM3995437	1.0101171841971937
AP001042.1	GSM3995438	1
AP001042.1	GSM3995439	1.0062256738876167
AP001042.1	GSM3995440	2
AP001042.1	GSM3995441	1.015435376698988
AP001042.1	GSM3995442	1.0052649262729068
AP001042.1	GSM3995443	1
AP001042.1	GSM3995444	0.6992800139115648
AP001042.1	GSM3995445	1.0073786500721709
AP001042.1	GSM3995446	1.006321233202252
AP001042.1	GSM4559002	1.0143695029110564
AP001042.1	GSM4559003	1.011218440727335
AP001042.1	GSM4559004	1.0137465254422466
AP001042.1	GSM4559005	1.0119710465213243
AP001042.1	GSM4559006	1.0148590600281953
AP001042.1	GSM4559007	1.0109183228503416
AP001042.1	GSM4559008	1.0143695029110564
AP001042.1	GSM4559009	1.012583403438145
AP001042.1	GSM4559010	1.0203367258104672
AP001042.1	GSM4559011	1.014811744621229
AP001042.1	GSM4559012	1.0164029760069468
AP001042.1	GSM4559013	1.0196103754312746
AP001042.1	GSM5088149	1.0307097903287668
AP001042.1	GSM5088151	1.013927453924048
AP001042.1	GSM5088153	1.0226799346893198
AP001042.1	GSM5088155	1.0313762328846994
AP001042.1	GSM5088157	1.02015465363754
AP001042.1	GSM5088159	1.0274175031286488
AP001042.1	GSM5088161	2.0133230483998705
AP001042.1	GSM5088163	1.033176034474096
AP001042.1	GSM5088164	1.0284725465974855
AP001042.1	GSM5088166	1.032174804622037
AP001042.1	GSM5088168	1.015925448230349
AP001042.1	GSM5088170	1.020863922442935
AP001042.1	GSM5088172	1.0403654936449642
AP001042.1	GSM5088174	1.022036556013025
AP001042.1	GSM5088176	1.0117999891520548
AP001042.1	GSM5088178	1.0258917868813222
AP001042.1	GSM5088180	1.0160593920172551
AP001042.1	GSM5088182	1.0262739242315972
AP001042.1	GSM5088184	1.0137223365760504
AP001042.1	GSM5088186	1.0193074884493565
AP001042.1	GSM5088188	1.0101171841971937
AP001042.1	GSM5088190	1.0187944029733862
AP001042.1	GSM5088192	1.0117999891520548
AP001042.1	GSM5088194	1.031105756209081
AP001042.1	GSM5088196	1.0136474004379774
AP001042.1	GSM5088198	1.02385819574147
AP001042.1	GSM5088200	1.0203367258104672
AP001042.1	GSM5088202	1.005882691546114
AP001042.1	GSM5088204	1.0352000886305022
AP001042.1	GSM5088206	1.0148936163458522
AP001042.1	GSM5088208	1.0111785897562977
AP001042.1	GSM5088210	1.0248149372954374
AP001042.1	GSM5088212	1.0069396476075654
AP001042.1	GSM5088214	1.0196103754312746
AP001042.1	GSM5088216	1.0088527607311577
AP001042.1	GSM5088218	1.026522227975446
AP001042.1	GSM5088220	1.0133921639356958
AP001042.1	GSM5088222	1.0242613383331167
AP001042.1	GSM5088224	1.013468027672391
AP001042.1	GSM5088226	1.023010445525838
AP001042.1	GSM5088227	1.0133047479406865
AP001042.1	GSM5088229	1.0197100835573685
AP001042.1	GSM5088231	1.0107379313275848
AP001042.1	GSM5088233	1.0228278962457495
AP001042.1	GSM5088235	1.0198920763856196
AP001042.1	GSM5088237	1.019265707215034
AP001042.1	GSM5088239	1.0241046745142437
AP001042.1	GSM5088241	1.002102653483695
AP001042.1	GSM5088243	1.0316898669042749
AP001042.1	GSM5088245	1.0107379313275848
AP001042.1	GSM5088247	1.0254810340328455
AP001042.1	GSM5088249	1.008177616754012
AP001042.1	GSM5088251	1.021833246373565
AP001042.1	GSM5088253	1.0180141226960024
AP001042.1	GSM5088255	1.0248149372954374
AP001042.1	GSM5088257	1.0069396476075654
AP001042.1	GSM5088259	1.012989652590018
AP001042.1	GSM5088261	1.019059509939322
AP001042.1	GSM5088263	1.0331252944477782
AP001042.1	GSM5088265	1.0134855975762167
AP001042.1	GSM5088267	1.0279483583199658
AP001042.1	GSM5088269	1.0231104861462117
AP001042.1	GSM5088271	1.0289454884360238
AP001042.1	GSM5088273	1.0119371834560729
AP001042.1	GSM5088275	1.0263390520415825
AP001042.1	GSM5088277	1.0075584420469712
AP001042.1	GSM5088279	1.0198920763856196
AP001042.1	GSM5088281	1.0128529238064856
AP001042.1	GSM5088283	1
AP001042.1	GSM5088285	1.0086171589446156
AP001042.1	GSM5088287	1.0342616696891775
AP001042.1	GSM5088289	1.0291291295538048
AP001042.1	GSM5088291	1.0444565839797195
AP001042.1	GSM5088293	1.0271285477368342
AP001042.1	GSM5088295	1.0303943792766896
AP001042.1	GSM5088297	1.0218974130597691
AP001042.1	GSM5088299	1.026686112133785
AP001042.1	GSM5088300	1.0340786412752847
AP001042.1	GSM5088302	1.0230276866545278
AP001042.1	GSM5088304	1.020863922442935
AP001042.1	GSM5088306	1.0319068837913443
AP001042.1	GSM5088308	1.0205188304787385
AP001042.1	GSM5088310	1.0224821403815345
AP001042.1	GSM5088312	1.03415704891956
AP001042.1	GSM5088314	1.0185401192652856
AP001042.1	GSM5088315	1.0257087234453983
AP001042.1	GSM5088317	1.0335649001524403
AP001042.1	GSM5088319	1.02363911594978
AP001042.1	GSM5088321	1.0284970874248096
AP001042.1	GSM5088323	1.0292877846062916
AP001042.1	GSM5088325	1.01833406877589
AP001042.1	GSM5088327	1.023556538723493
AP001042.1	GSM5088329	1.0278531705150975
AP001042.1	GSM5088330	1.0218236299461347
AP001042.1	GSM5088332	1.0290852040214158
