Gene	sample	counts
HNRNPKP4	GSM1022678	36.539743075851504
HNRNPKP4	GSM1022679	1.0886816601851197
HNRNPKP4	GSM1022680	23.70940297165812
HNRNPKP4	GSM1022681	14.435523389276703
HNRNPKP4	GSM1022682	1.0116578477926386
HNRNPKP4	GSM1022683	17.354686681529895
HNRNPKP4	GSM1022684	14.80940919343779
HNRNPKP4	GSM1022685	1.0371148636315564
HNRNPKP4	GSM1022686	24.390866340106292
HNRNPKP4	GSM1022687	8.871044182632154
HNRNPKP4	GSM1022688	1.0595694172829608
HNRNPKP4	GSM1022689	17.47962116505905
HNRNPKP4	GSM1022690	15.444522762248504
HNRNPKP4	GSM1022691	21.856653771637575
HNRNPKP4	GSM1022692	36.82794501446848
HNRNPKP4	GSM1022693	26.350625536981635
HNRNPKP4	GSM1022694	17.927629607579693
HNRNPKP4	GSM1022695	4.119284378537094
HNRNPKP4	GSM1385778	42.27303513108912
HNRNPKP4	GSM1385779	14.14811760557949
HNRNPKP4	GSM1385780	1.076969124990565
HNRNPKP4	GSM1385781	23.369366016396867
HNRNPKP4	GSM1385782	27.29629876958219
HNRNPKP4	GSM1385783	3.2178078906421868
HNRNPKP4	GSM1415906	32.20227946247206
HNRNPKP4	GSM1415907	22.31038512333559
HNRNPKP4	GSM1415908	13.31348836694217
HNRNPKP4	GSM1415909	23.316170085171674
HNRNPKP4	GSM1415910	13.194907221835264
HNRNPKP4	GSM1415911	32.3237498943102
HNRNPKP4	GSM1415912	9.46009681587322
HNRNPKP4	GSM1415913	5.9771810286459495
HNRNPKP4	GSM1415914	11.372485303867736
HNRNPKP4	GSM1415915	18.877263360332584
HNRNPKP4	GSM1415916	8.873116188627863
HNRNPKP4	GSM1415917	7.935015243035536
HNRNPKP4	GSM1415918	7.9974209073372595
HNRNPKP4	GSM1415919	11.435660966331044
HNRNPKP4	GSM1415920	8.936634027608825
HNRNPKP4	GSM1415921	8.631268855276204
HNRNPKP4	GSM2769390	20.982284029089115
HNRNPKP4	GSM2769391	20.895393713802267
HNRNPKP4	GSM2769392	26.857783451552606
HNRNPKP4	GSM2769393	17.458486055889228
HNRNPKP4	GSM2769394	23.40661934164573
HNRNPKP4	GSM2769395	23.895233465722775
HNRNPKP4	GSM2769396	14.28471416134654
HNRNPKP4	GSM2769397	20.956471982046775
HNRNPKP4	GSM2769398	30.483675546886797
HNRNPKP4	GSM3103946	2.019353976630335
HNRNPKP4	GSM3103947	0.9117836140755504
HNRNPKP4	GSM3103948	13.782274850801535
HNRNPKP4	GSM3103949	0.8116746052912999
HNRNPKP4	GSM3103950	14.97531544245686
HNRNPKP4	GSM3103951	3
HNRNPKP4	GSM3103952	1.0054443410007048
HNRNPKP4	GSM3103953	9.091054657774745
HNRNPKP4	GSM3103954	15.06583431780444
HNRNPKP4	GSM3103955	13.15029277090296
HNRNPKP4	GSM3103956	32.698553542242614
HNRNPKP4	GSM3103957	85.11759882701764
HNRNPKP4	GSM3103958	27.55400842292594
HNRNPKP4	GSM3103959	29.091513489729163
HNRNPKP4	GSM3103960	13.027334495288034
HNRNPKP4	GSM3103961	3.4642637731688595
HNRNPKP4	GSM3103962	12.088543800866049
HNRNPKP4	GSM3103963	10.2246970304458
HNRNPKP4	GSM3103964	12.121406210366324
HNRNPKP4	GSM3103965	1.0027184754459773
HNRNPKP4	GSM4260265	28.313000513176327
HNRNPKP4	GSM4260266	36.28057667504339
HNRNPKP4	GSM4260267	10.209637531539164
HNRNPKP4	GSM4260268	35.74207836387959
HNRNPKP4	GSM4260269	33.37044670082153
HNRNPKP4	GSM4260270	28.236240985370905
HNRNPKP4	GSM4260271	10.381691192461004
HNRNPKP4	GSM4260272	19.604099791153324
HNRNPKP4	GSM4260273	43.2529557364829
HNRNPKP4	GSM4260274	6.234686754293118
HNRNPKP4	GSM4260275	39.1426796079589
HNRNPKP4	GSM4260276	38.3274520398954
HNRNPKP4	GSM4735785	15.738216528476102
HNRNPKP4	GSM4735786	10.520749944391202
HNRNPKP4	GSM4735787	53.09594410482971
HNRNPKP4	GSM4735788	22.292540762233976
HNRNPKP4	GSM4735789	6.318952516819113
HNRNPKP4	GSM4735790	26.56181723297964
HNRNPKP4	GSM4735791	10.871027019164096
HNRNPKP4	GSM4735792	6.71713592169753
HNRNPKP4	GSM4735793	1.0950706995974604
HNRNPKP4	GSM4735794	1.073004610131236
HNRNPKP4	GSM4735795	42.98853995672674
HNRNPKP4	GSM4735796	1.1345222112631277
HNRNPKP4	GSM4735797	8.933262289857659
HNRNPKP4	GSM4735798	29.721416149727496
HNRNPKP4	GSM4735799	1.1303004052343573
HNRNPKP4	GSM4735800	1.1336053776903567
HNRNPKP4	GSM4735801	1.08578255609448
HNRNPKP4	GSM4735802	46.820103722393966
HNRNPKP4	GSM4735803	42.1890531974928
HNRNPKP4	GSM4735804	1.0579760419913706
HNRNPKP4	GSM5282507	38.55936996643379
HNRNPKP4	GSM5282508	34.29298340411693
HNRNPKP4	GSM5282509	35
HNRNPKP4	GSM5282510	9.326438307500297
HNRNPKP4	GSM5282511	9.159036082837252
HNRNPKP4	GSM5282512	29.324179102932625
HNRNPKP4	GSM5282513	14.044178926076148
HNRNPKP4	GSM5282514	41.26682789530578
HNRNPKP4	GSM5282515	70.81336082113457
HNRNPKP4	GSM5282516	3.0615564914362152
HNRNPKP4	GSM5282517	16.24986570557816
HNRNPKP4	GSM5282518	42.1182602044689
HNRNPKP4	GSM5282519	9.394973940452015
HNRNPKP4	GSM5282520	2.0269711951524334
HNRNPKP4	GSM5282521	11.11128902616913
HNRNPKP4	GSM5282522	7.078250128294082
HNRNPKP4	GSM5282523	44.426934023322495
HNRNPKP4	GSM5282524	37
HNRNPKP4	GSM5282525	40
HNRNPKP4	GSM5282526	42.28212459234046
HNRNPKP4	GSM5282527	31
HNRNPKP4	GSM5282528	52.3287041265171
HNRNPKP4	GSM5282529	48
HNRNPKP4	GSM5282530	20.117653830922283
HNRNPKP4	GSM5282531	17.21867377031989
HNRNPKP4	GSM5282532	27
HNRNPKP4	GSM5282533	24.32390760531412
HNRNPKP4	GSM5282534	35
HNRNPKP4	GSM5282535	41
HNRNPKP4	GSM5282536	12.01251629431516
HNRNPKP4	GSM4260927	22.046258376641287
HNRNPKP4	GSM4260928	1.936366821387811
HNRNPKP4	GSM4260929	0.5819498173626707
HNRNPKP4	GSM4260930	17
HNRNPKP4	GSM4260931	24.16655154258157
HNRNPKP4	GSM4260932	34.143130756048116
HNRNPKP4	GSM4260933	0.8337188926476333
HNRNPKP4	GSM4260934	31.097824764882898
HNRNPKP4	GSM4260935	58.66819035057998
HNRNPKP4	GSM4260936	31.597236923666056
HNRNPKP4	GSM4260937	32
HNRNPKP4	GSM4260938	16.741519534888443
HNRNPKP4	GSM4260939	49.15462624126652
HNRNPKP4	GSM4260940	45.42291489761473
HNRNPKP4	GSM4260941	22
HNRNPKP4	GSM4260942	13
HNRNPKP4	GSM4260943	25.454491466805372
HNRNPKP4	GSM4260944	0.7901896247624465
HNRNPKP4	GSM4260945	1.0079977142916818
HNRNPKP4	GSM4260946	0.5510337199157896
HNRNPKP4	GSM4260947	5.120927723689944
HNRNPKP4	GSM4260948	5.167901645678205
HNRNPKP4	GSM4260949	5.155528781045405
HNRNPKP4	GSM4260950	1
HNRNPKP4	GSM4260951	47.42157958529376
HNRNPKP4	GSM4260952	36.08834787805579
HNRNPKP4	GSM4260953	10
HNRNPKP4	GSM4260954	9.091054657774745
HNRNPKP4	GSM4260955	1.0443980245860167
HNRNPKP4	GSM4260956	55.17473018791608
HNRNPKP4	GSM4260957	19.22040193764608
HNRNPKP4	GSM4260958	25.080339008168867
HNRNPKP4	GSM4260959	1.0185158160198071
HNRNPKP4	GSM4260960	16.151949092802315
HNRNPKP4	GSM4260961	1.0052649262729068
HNRNPKP4	GSM4260962	1.0071193612313702
HNRNPKP4	GSM4260963	26
HNRNPKP4	GSM4260964	17.035745109222812
HNRNPKP4	GSM4260965	1.0480118219614296
HNRNPKP4	GSM4260966	5
HNRNPKP4	GSM4260967	8.55221335255545
HNRNPKP4	GSM4260968	32.10098040245977
HNRNPKP4	GSM4260969	9.047384336456162
HNRNPKP4	GSM4260970	2.3029795633886754
HNRNPKP4	GSM4260971	3.7685904953377807
HNRNPKP4	GSM4260972	25.382619257288052
HNRNPKP4	GSM4260973	15.10409471411348
HNRNPKP4	GSM4260974	17.318272355829333
HNRNPKP4	GSM4260975	34.12825162539533
HNRNPKP4	GSM4260976	8
HNRNPKP4	GSM4260977	1.0373329762545018
HNRNPKP4	GSM4260978	17
HNRNPKP4	GSM4260979	28
HNRNPKP4	GSM4260980	46.406634176638875
HNRNPKP4	GSM4260981	26.345391379857272
HNRNPKP4	GSM4260982	1.006321233202252
HNRNPKP4	GSM4260983	31.530938286433916
HNRNPKP4	GSM4260984	11.340637700378172
HNRNPKP4	GSM4260985	9.94242301809971
HNRNPKP4	GSM4260986	0.7514549828230019
HNRNPKP4	GSM4260987	8.429024379525018
HNRNPKP4	GSM4260988	17.283658497567775
HNRNPKP4	GSM4260989	1
HNRNPKP4	GSM4260990	5
HNRNPKP4	GSM4260991	1.0052649262729068
HNRNPKP4	GSM4260992	0.7239781904071776
HNRNPKP4	GSM4260993	44.85569531226022
HNRNPKP4	GSM4260994	5
HNRNPKP4	GSM4260995	54.62064878622431
HNRNPKP4	GSM4260996	18.882068400908977
HNRNPKP4	GSM4260997	1
HNRNPKP4	GSM4260998	14.988504769455885
HNRNPKP4	GSM4260999	1.0027184754459773
HNRNPKP4	GSM4261000	1.022963108723893
HNRNPKP4	GSM4261001	1
HNRNPKP4	GSM4261002	1.0686315569478149
HNRNPKP4	GSM4261003	1.006321233202252
HNRNPKP4	GSM4261004	1.0469203470873392
HNRNPKP4	GSM4261005	32
HNRNPKP4	GSM4261006	15.333284460879147
HNRNPKP4	GSM4261007	1.059023137674673
HNRNPKP4	GSM4261008	12.037867650922411
HNRNPKP4	GSM4261009	1.0305588816235487
HNRNPKP4	GSM4261010	1.0573527504378613
HNRNPKP4	GSM4261011	4.074558890922321
HNRNPKP4	GSM4261012	1.1521636110377214
HNRNPKP4	GSM4261013	1.035533229548271
HNRNPKP4	GSM4261014	8.261489399353867
HNRNPKP4	GSM4261015	14.231033186721486
HNRNPKP4	GSM4261016	30.14480534824617
HNRNPKP4	GSM4261017	1.0145505425788048
HNRNPKP4	GSM4261018	0.6598775488939715
HNRNPKP4	GSM4261019	3.0583428621995603
HNRNPKP4	GSM4261020	1.0794604597647677
HNRNPKP4	GSM4261021	1.0353679331740913
HNRNPKP4	GSM4261022	40.32710467016048
HNRNPKP4	GSM4261023	1.004388954520296
HNRNPKP4	GSM4261024	9.41478750545489
HNRNPKP4	GSM4261025	4.121935647302872
HNRNPKP4	GSM4261026	1.0460126567107848
HNRNPKP4	GSM4261027	34.394898438416
HNRNPKP4	GSM4818000	31.46063086087405
HNRNPKP4	GSM4818001	21.05825218559511
HNRNPKP4	GSM4818002	20.716386594311977
HNRNPKP4	GSM4818003	6.343953418177634
HNRNPKP4	GSM4818004	1.180393650637631
HNRNPKP4	GSM4818005	1.0778621231566528
HNRNPKP4	GSM4818006	1.1865753126452228
HNRNPKP4	GSM4818007	1.1906613995587665
HNRNPKP4	GSM4818008	47.80497095039981
HNRNPKP4	GSM4818009	1.049549533604482
HNRNPKP4	GSM4818010	18.651462316868727
HNRNPKP4	GSM4818011	19.45824607658294
HNRNPKP4	GSM4818012	6.100102744869256
HNRNPKP4	GSM4818013	15.54406384583383
HNRNPKP4	GSM4818014	1.1681827290169344
HNRNPKP4	GSM4818015	1.083493271513882
HNRNPKP4	GSM4818016	35.10824510580085
HNRNPKP4	GSM4818017	40.99991364851262
HNRNPKP4	GSM4818018	8.288033581141452
HNRNPKP4	GSM4818019	31.52222923219931
HNRNPKP4	GSM4818020	38.522367966805376
HNRNPKP4	GSM4818021	29.54055195918683
HNRNPKP4	GSM4818022	1.066273626617109
HNRNPKP4	GSM4818023	1.0980352910845552
HNRNPKP4	GSM3056394	13.873562835029285
HNRNPKP4	GSM3056395	14.738167511899611
HNRNPKP4	GSM3056396	2.40704431150405
HNRNPKP4	GSM3056397	19.32494279542555
HNRNPKP4	GSM3056398	7.14363181335117
HNRNPKP4	GSM3056399	2.1994319297990126
HNRNPKP4	GSM3056400	7.526002659046846
HNRNPKP4	GSM3056401	13.728472308682475
HNRNPKP4	GSM3056402	43.03098347293444
HNRNPKP4	GSM3056403	30.270638725274484
HNRNPKP4	GSM3056404	52.111172598541046
HNRNPKP4	GSM3056405	1.1407630523006334
HNRNPKP4	GSM3056406	14.196377366462222
HNRNPKP4	GSM3056407	26.27085050347466
HNRNPKP4	GSM3056408	2.102604805154444
HNRNPKP4	GSM3056409	1.0516329533829845
HNRNPKP4	GSM3056410	1.2063342432114983
HNRNPKP4	GSM3056411	1.2456982018473386
HNRNPKP4	GSM3056412	2.3836113780854986
HNRNPKP4	GSM3056413	1.1508553648838002
HNRNPKP4	GSM3056414	36.00946393331602
HNRNPKP4	GSM3056415	2.115959892069103
HNRNPKP4	GSM3056416	1.2099057083768017
HNRNPKP4	GSM3056417	25.54358165437678
HNRNPKP4	GSM3056418	18.30828674696163
HNRNPKP4	GSM3056419	1.1049801633331209
HNRNPKP4	GSM3056420	13.369154761273286
HNRNPKP4	GSM3056421	2.256270822335934
HNRNPKP4	GSM3056422	1.1379442381081375
HNRNPKP4	GSM3056423	1.2189788698148885
HNRNPKP4	GSM3056424	14.314487478607536
HNRNPKP4	GSM3056425	1.1975332789795994
HNRNPKP4	GSM3056426	2.093378106984583
HNRNPKP4	GSM3056427	8.215631809718335
HNRNPKP4	GSM3056428	30.05729044738787
HNRNPKP4	GSM3056429	7.7180405127485106
HNRNPKP4	GSM3056430	1.052417069693916
HNRNPKP4	GSM3056431	7.99707846859837
HNRNPKP4	GSM3056432	7.418947879670348
HNRNPKP4	GSM3056433	1.184271708569342
HNRNPKP4	GSM3056434	13.477164647654742
HNRNPKP4	GSM3056435	8.063344577720665
HNRNPKP4	GSM3056436	27.346905425471263
HNRNPKP4	GSM3056437	1.1397234185202714
HNRNPKP4	GSM3056438	14.157639917820548
HNRNPKP4	GSM3056439	2.2231184739093734
HNRNPKP4	GSM3056440	2.4548908289565547
HNRNPKP4	GSM3056441	2.4897270941241136
HNRNPKP4	GSM3056442	7.130810516314146
HNRNPKP4	GSM3056443	24.80750233197428
HNRNPKP4	GSM3056444	14.877458819485948
HNRNPKP4	GSM3056445	36.732430488556574
HNRNPKP4	GSM3056446	18.343071178907795
HNRNPKP4	GSM3056447	40.61741506795953
HNRNPKP4	GSM3056448	35.84649406582961
HNRNPKP4	GSM3056449	38.316670555002894
HNRNPKP4	GSM3056450	24.53325513740663
HNRNPKP4	GSM3056451	7.723675392128823
HNRNPKP4	GSM3056452	2.088191689669326
HNRNPKP4	GSM3056453	18.503070449759385
HNRNPKP4	GSM3056454	38.38558028767603
HNRNPKP4	GSM3056455	24.73099470462432
HNRNPKP4	GSM3056456	18.47410293674848
HNRNPKP4	GSM3056457	14.799623394048538
HNRNPKP4	GSM3056458	2.511588099014819
HNRNPKP4	GSM3056459	20.666019554981148
HNRNPKP4	GSM3056460	1.1837356292037229
HNRNPKP4	GSM3056461	1.1469577367468486
HNRNPKP4	GSM3056462	32.23956231726586
HNRNPKP4	GSM3056463	21.615917331218863
HNRNPKP4	GSM3056464	21.320456927426303
HNRNPKP4	GSM3056465	1.1865971827336304
HNRNPKP4	GSM3056466	14.47749691113134
HNRNPKP4	GSM3056467	1.1108302800333494
HNRNPKP4	GSM3056468	2.0645320534552805
HNRNPKP4	GSM3056469	8.18970778542206
HNRNPKP4	GSM3056470	34.098340602698094
HNRNPKP4	GSM3056471	8.220051079091824
HNRNPKP4	GSM3056472	2.2759697594653376
HNRNPKP4	GSM3056473	2.315006048362259
HNRNPKP4	GSM3056474	1.051161031313454
HNRNPKP4	GSM3056475	7.588495201250087
HNRNPKP4	GSM3056476	7.664045039419239
HNRNPKP4	GSM3056477	15.841449528854891
HNRNPKP4	GSM3056478	13.378678684199462
HNRNPKP4	GSM3056479	7.473586046942471
HNRNPKP4	GSM3056480	1.0840048100905328
HNRNPKP4	GSM3056481	1.0662480451428855
HNRNPKP4	GSM3056482	13.370462136522525
HNRNPKP4	GSM3056483	1.037083044585549
HNRNPKP4	GSM3056484	1.0273170413644623
HNRNPKP4	GSM3056485	13.2667447962236
HNRNPKP4	GSM3056486	29.17059805483731
HNRNPKP4	GSM3056487	7.368164488833248
HNRNPKP4	GSM3056488	2.063037477152248
HNRNPKP4	GSM3056489	7.278085854731647
HNRNPKP4	GSM3056490	1.178211829351184
HNRNPKP4	GSM3056491	32.395641616309256
HNRNPKP4	GSM3056492	1.1773943537710445
HNRNPKP4	GSM3056493	24.801844580810997
HNRNPKP4	GSM3056494	2.215639414652792
HNRNPKP4	GSM3056495	13.352738406819975
HNRNPKP4	GSM3056496	14.58866551908648
HNRNPKP4	GSM3056497	1.0570700324938929
HNRNPKP4	GSM3056498	7.328593205821091
HNRNPKP4	GSM3056499	1.133744875697002
HNRNPKP4	GSM3056500	13.577935591736358
HNRNPKP4	GSM3056501	7.505086254663292
HNRNPKP4	GSM3056502	19.59437553321438
HNRNPKP4	GSM3056503	2.1754919237920727
HNRNPKP4	GSM3056504	1.1739892933880247
HNRNPKP4	GSM3056505	14.40869438637852
HNRNPKP4	GSM3056506	1.14303534568626
HNRNPKP4	GSM3056507	13.839261702915367
HNRNPKP4	GSM3056508	37.120934451624315
HNRNPKP4	GSM3056509	8.19713021796701
HNRNPKP4	GSM3056510	19.08175396402917
HNRNPKP4	GSM3056511	13.374983404433612
HNRNPKP4	GSM3056512	7.290696120830672
HNRNPKP4	GSM3056513	2.0367550708124003
HNRNPKP4	GSM3056514	13.368629248322652
HNRNPKP4	GSM3056515	24.711395736695035
HNRNPKP4	GSM3056516	7.3278076473728895
HNRNPKP4	GSM3056517	2.277137221373479
HNRNPKP4	GSM3056518	14.308252239215252
HNRNPKP4	GSM3056519	25.337521411359845
HNRNPKP4	GSM3056520	2.066188908713202
HNRNPKP4	GSM3056521	30.025104924205337
HNRNPKP4	GSM3056522	18.399941353054977
HNRNPKP4	GSM3056523	13.2667447962236
HNRNPKP4	GSM3056524	2.1790344927491385
HNRNPKP4	GSM3056525	7.454264229080681
HNRNPKP4	GSM3056526	2.2055677579927564
HNRNPKP4	GSM3056527	24.82296368466674
HNRNPKP4	GSM3056528	18.84939993582995
HNRNPKP4	GSM3056529	1.1911873485830604
HNRNPKP4	GSM3056530	1.047854970580807
HNRNPKP4	GSM3056531	1.0137344309370018
HNRNPKP4	GSM3056532	1.1061955915650974
HNRNPKP4	GSM3056533	40.53218991762745
HNRNPKP4	GSM3056534	1.196922523601421
HNRNPKP4	GSM3056535	21.775220922502623
HNRNPKP4	GSM3056536	2.125413503727646
HNRNPKP4	GSM3056537	25.36685622930357
HNRNPKP4	GSM3056538	13.704156123638572
HNRNPKP4	GSM3056539	2.173306270459469
HNRNPKP4	GSM3056540	7.312018102302409
HNRNPKP4	GSM3056541	2.2328112554383632
HNRNPKP4	GSM3056542	7.9900001805655405
HNRNPKP4	GSM3056543	2.1357173461893937
HNRNPKP4	GSM3056544	1.0367049728965188
HNRNPKP4	GSM3056545	18.33328468835653
HNRNPKP4	GSM3056546	13.336749876611371
HNRNPKP4	GSM3056547	26.168010180285577
HNRNPKP4	GSM3056548	1.060928056245836
HNRNPKP4	GSM3056549	18.454711193534013
HNRNPKP4	GSM3056550	2.1535721341706062
HNRNPKP4	GSM3056551	1.200061330063647
HNRNPKP4	GSM3056552	1.0641348781497308
HNRNPKP4	GSM3056553	24.46156307090036
HNRNPKP4	GSM3056554	13.60452822442061
HNRNPKP4	GSM3056555	13.581686943729624
HNRNPKP4	GSM3056556	40.82300260631611
HNRNPKP4	GSM3056557	24.389777598913906
HNRNPKP4	GSM3056558	18.66398806700157
HNRNPKP4	GSM3056559	7.1703578439244735
HNRNPKP4	GSM3056560	31.39085543936299
HNRNPKP4	GSM3056561	2.0637736670582627
HNRNPKP4	GSM3056562	18.252729264286696
HNRNPKP4	GSM3056563	30.360674363246964
HNRNPKP4	GSM3056564	1.0274175031286488
HNRNPKP4	GSM3056565	40.3159660564438
HNRNPKP4	GSM3056566	13.216889280550053
HNRNPKP4	GSM3056567	24.759868429074203
HNRNPKP4	GSM3056568	1.0865508035998022
HNRNPKP4	GSM3056569	52.34329165412069
HNRNPKP4	GSM3056570	35.649575164273955
HNRNPKP4	GSM3056571	53.192409468030505
HNRNPKP4	GSM3056572	24.22168762235424
HNRNPKP4	GSM3056573	35.11671365472265
HNRNPKP4	GSM3056574	40.49687081665082
HNRNPKP4	GSM3056575	36.135589608406455
HNRNPKP4	GSM3056576	7.450861921809902
HNRNPKP4	GSM3056577	31.45648423477401
HNRNPKP4	GSM3056578	52.368853104549565
HNRNPKP4	GSM3056579	35.33321231389596
HNRNPKP4	GSM3056580	105.61768261234198
HNRNPKP4	GSM3056581	25.110574537807494
HNRNPKP4	GSM3056582	1.0312807276593572
HNRNPKP4	GSM3056583	2.2707837968411035
HNRNPKP4	GSM3056584	24.6780346922189
HNRNPKP4	GSM3056585	1.1247568437508162
HNRNPKP4	GSM3056586	79.48076598290456
HNRNPKP4	GSM3056587	37.17716009020503
HNRNPKP4	GSM3056588	2.0843262962911493
HNRNPKP4	GSM3056589	18.944218888326706
HNRNPKP4	GSM3056590	26.72232314923936
HNRNPKP4	GSM3056591	1.0597481520920962
HNRNPKP4	GSM3056592	26.464192881989867
HNRNPKP4	GSM3056593	7.171291410631166
HNRNPKP4	GSM3056594	19.576345864305456
HNRNPKP4	GSM3056595	1.0484273363113228
HNRNPKP4	GSM1701327	32.20227946247206
HNRNPKP4	GSM1701328	44.31325189418029
HNRNPKP4	GSM1701329	33.403956650245036
HNRNPKP4	GSM1701330	37.21765958720622
HNRNPKP4	GSM1701331	32.18824612947565
HNRNPKP4	GSM1701332	41.28452555191018
HNRNPKP4	GSM1701333	56.576658036195525
HNRNPKP4	GSM1701334	46.563091088220354
HNRNPKP4	GSM1701335	59.3106306501015
HNRNPKP4	GSM1701336	44.31325189418029
HNRNPKP4	GSM1701337	45.39057954142758
HNRNPKP4	GSM1701338	77.01116084349215
HNRNPKP4	GSM1701339	34.307934354026244
HNRNPKP4	GSM1701340	35.332388640505066
HNRNPKP4	GSM1701341	20.145178950500153
HNRNPKP4	GSM1701342	20.12661999954892
HNRNPKP4	GSM1701343	20.089892639326465
HNRNPKP4	GSM1701344	20.16694062368237
HNRNPKP4	GSM1701345	20.105064577632685
HNRNPKP4	GSM1701346	20.117699390760823
HNRNPKP4	GSM1701347	20.14359178628991
HNRNPKP4	GSM1701348	20.1722000870743
HNRNPKP4	GSM1701349	21.211563295983705
HNRNPKP4	GSM1701350	21.194112173847277
HNRNPKP4	GSM1701351	20.147596157308616
HNRNPKP4	GSM1701352	20.145721519124585
HNRNPKP4	GSM1701353	20.190831602175734
HNRNPKP4	GSM1701354	21.211563295983705
HNRNPKP4	GSM2430372	6.158034312249493
HNRNPKP4	GSM2430373	7.0739351964757375
HNRNPKP4	GSM2430374	23.169708951659928
HNRNPKP4	GSM2430375	27.467331479572717
HNRNPKP4	GSM2430376	30.52412959550749
HNRNPKP4	GSM2430377	83.45567190435703
HNRNPKP4	GSM2430378	17.471090739227318
HNRNPKP4	GSM2430379	1.0761920654400507
HNRNPKP4	GSM2430380	12.524254717554133
HNRNPKP4	GSM2430381	10.890752912893532
HNRNPKP4	GSM2430382	10.128631629599932
HNRNPKP4	GSM2430383	13.237364292496004
HNRNPKP4	GSM2430384	7.378840187537301
HNRNPKP4	GSM2430385	9.283160524127116
HNRNPKP4	GSM2430386	8.595006637444413
HNRNPKP4	GSM3496511	47.93024047181323
HNRNPKP4	GSM3496512	37.73981741829357
HNRNPKP4	GSM3496513	38.22291324178253
HNRNPKP4	GSM3496514	32.519703465218534
HNRNPKP4	GSM3496515	48.10882261906899
HNRNPKP4	GSM3496516	32.61650263088109
HNRNPKP4	GSM3496517	32.97961203519927
HNRNPKP4	GSM3496518	32.98314912746204
HNRNPKP4	GSM3496519	53.285165960643184
HNRNPKP4	GSM3496520	33.050039352739944
HNRNPKP4	GSM3496521	32.72811164326059
HNRNPKP4	GSM3496522	32.59647112737857
HNRNPKP4	GSM3496523	37.64740985110674
HNRNPKP4	GSM3496524	33.276913361902984
HNRNPKP4	GSM3496525	32.81235459222163
HNRNPKP4	GSM3496526	32.77075700054341
HNRNPKP4	GSM3496527	32.81710251449204
HNRNPKP4	GSM3496528	32.70071721791261
HNRNPKP4	GSM3496529	38.13748399559628
HNRNPKP4	GSM3496530	37.96360317416466
HNRNPKP4	GSM3496531	32.59647112737857
HNRNPKP4	GSM3496532	32.450858474499995
HNRNPKP4	GSM3496533	37.59419750463844
HNRNPKP4	GSM3496534	32.77393743161565
HNRNPKP4	GSM3496535	32.80638821649195
HNRNPKP4	GSM3496536	32.787665040884946
HNRNPKP4	GSM3496537	32.734721474825065
HNRNPKP4	GSM3496538	37.92420630874541
HNRNPKP4	GSM3890958	25.577705857766844
HNRNPKP4	GSM3890959	32.55907156854132
HNRNPKP4	GSM3890960	35.72386146683696
HNRNPKP4	GSM3890961	37.59419750463844
HNRNPKP4	GSM3890962	39.54758007262117
HNRNPKP4	GSM3890963	41.52626376614741
HNRNPKP4	GSM3995429	32.22047197689253
HNRNPKP4	GSM3995430	27.33050998656412
HNRNPKP4	GSM3995431	23.55191128161686
HNRNPKP4	GSM3995432	20.40915252156637
HNRNPKP4	GSM3995433	40.32710467016048
HNRNPKP4	GSM3995434	29.37303172583981
HNRNPKP4	GSM3995435	29.17059805483731
HNRNPKP4	GSM3995436	28
HNRNPKP4	GSM3995437	20.202343683943873
HNRNPKP4	GSM3995438	27
HNRNPKP4	GSM3995439	32.199221564403736
HNRNPKP4	GSM3995440	33
HNRNPKP4	GSM3995441	18.277836780581787
HNRNPKP4	GSM3995442	58.305365723828594
HNRNPKP4	GSM3995443	39
HNRNPKP4	GSM3995444	65.03304129377553
HNRNPKP4	GSM3995445	23.169708951659928
HNRNPKP4	GSM3995446	38.24020686168557
HNRNPKP4	GSM4559002	58.83343116884128
HNRNPKP4	GSM4559003	58.65066956218543
HNRNPKP4	GSM4559004	44.60484711945885
HNRNPKP4	GSM4559005	40.478841860852974
HNRNPKP4	GSM4559006	38.564644281071416
HNRNPKP4	GSM4559007	31.33846800836059
HNRNPKP4	GSM4559008	47.67536663681965
HNRNPKP4	GSM4559009	40.503336137525785
HNRNPKP4	GSM4559010	57.13885664538616
HNRNPKP4	GSM4559011	11.16292919083352
HNRNPKP4	GSM4559012	22.360865472152827
HNRNPKP4	GSM4559013	17.333376382331668
HNRNPKP4	GSM5088149	113.37807693616436
HNRNPKP4	GSM5088151	37.51531579518977
HNRNPKP4	GSM5088153	32.725757910058235
HNRNPKP4	GSM5088155	40.223673082503275
HNRNPKP4	GSM5088157	52.027887335514535
HNRNPKP4	GSM5088159	32.87736010011676
HNRNPKP4	GSM5088161	134.8926442427913
HNRNPKP4	GSM5088163	35.12798517211927
HNRNPKP4	GSM5088164	40.110429317301936
HNRNPKP4	GSM5088166	67.09136230043241
HNRNPKP4	GSM5088168	44.700719722135354
HNRNPKP4	GSM5088170	44.91801258748914
HNRNPKP4	GSM5088172	31.210964809348926
HNRNPKP4	GSM5088174	47.01368157659914
HNRNPKP4	GSM5088176	82.9675991104685
HNRNPKP4	GSM5088178	45.13923862277817
HNRNPKP4	GSM5088180	49.7869102088455
HNRNPKP4	GSM5088182	59.52388760543264
HNRNPKP4	GSM5088184	61.83706253113907
HNRNPKP4	GSM5088186	59.119834330062666
HNRNPKP4	GSM5088188	77.77902318318391
HNRNPKP4	GSM5088190	66.2216361932701
HNRNPKP4	GSM5088192	66.77879928403561
HNRNPKP4	GSM5088194	42.27533600457232
HNRNPKP4	GSM5088196	51.69601742233685
HNRNPKP4	GSM5088198	76.78936468061026
HNRNPKP4	GSM5088200	60.19986682281757
HNRNPKP4	GSM5088202	41.24119035339068
HNRNPKP4	GSM5088204	31.056002658915062
HNRNPKP4	GSM5088206	42.625531886525785
HNRNPKP4	GSM5088208	37.413607820983
HNRNPKP4	GSM5088210	34.843707868044866
HNRNPKP4	GSM5088212	32.22206872344209
HNRNPKP4	GSM5088214	37.72558389095716
HNRNPKP4	GSM5088216	37.32755214705283
HNRNPKP4	GSM5088218	42.087411346993285
HNRNPKP4	GSM5088220	30.40176491807087
HNRNPKP4	GSM5088222	32.776362826659735
HNRNPKP4	GSM5088224	42.56565716224042
HNRNPKP4	GSM5088226	54.21955361286941
HNRNPKP4	GSM5088227	37.49227567380539
HNRNPKP4	GSM5088229	25.492752088934207
HNRNPKP4	GSM5088231	54.579848291689586
HNRNPKP4	GSM5088233	45.00442743481298
HNRNPKP4	GSM5088235	44.87525136096727
HNRNPKP4	GSM5088237	51.98255106796674
HNRNPKP4	GSM5088239	52.22933840022642
HNRNPKP4	GSM5088241	37.077798178896714
HNRNPKP4	GSM5088243	38.17252507545817
HNRNPKP4	GSM5088245	37.39730345912064
HNRNPKP4	GSM5088247	36.91731722518244
HNRNPKP4	GSM5088249	30.24532850262036
HNRNPKP4	GSM5088251	39.85149660856904
HNRNPKP4	GSM5088253	47.84666376671212
HNRNPKP4	GSM5088255	36.893337742635744
HNRNPKP4	GSM5088257	110.76336123683218
HNRNPKP4	GSM5088259	63.818348113171126
HNRNPKP4	GSM5088261	62.16263010629864
HNRNPKP4	GSM5088263	35.12626001122446
HNRNPKP4	GSM5088265	49.66079428123462
HNRNPKP4	GSM5088267	30.838450749598973
HNRNPKP4	GSM5088269	52.1786347934568
HNRNPKP4	GSM5088271	52.47621991023722
HNRNPKP4	GSM5088273	51.60879635625972
HNRNPKP4	GSM5088275	30.790171561247465
HNRNPKP4	GSM5088277	47.35524677620765
HNRNPKP4	GSM5088279	48.95481966650975
HNRNPKP4	GSM5088281	32.41129356180754
HNRNPKP4	GSM5088283	58
HNRNPKP4	GSM5088285	54.46532658300925
HNRNPKP4	GSM5088287	35.16489676943204
HNRNPKP4	GSM5088289	30.873873886614145
HNRNPKP4	GSM5088291	26.111414599492996
HNRNPKP4	GSM5088293	30.813856432105027
HNRNPKP4	GSM5088295	35.03340889540745
HNRNPKP4	GSM5088297	34.74451204403215
HNRNPKP4	GSM5088299	40.040758373217614
HNRNPKP4	GSM5088300	35.158673803359676
HNRNPKP4	GSM5088302	52.17441201938092
HNRNPKP4	GSM5088304	44.91801258748914
HNRNPKP4	GSM5088306	35.08483404890571
HNRNPKP4	GSM5088308	68.37476164207548
HNRNPKP4	GSM5088310	47.03417845755058
HNRNPKP4	GSM5088312	35.16133966326504
HNRNPKP4	GSM5088314	41.76014488987671
HNRNPKP4	GSM5088315	55.38827106605152
HNRNPKP4	GSM5088317	35.14120660518297
HNRNPKP4	GSM5088319	34.80372994229252
HNRNPKP4	GSM5088321	35.99739805986833
HNRNPKP4	GSM5088323	37.054360245826494
HNRNPKP4	GSM5088325	41.751696819811485
HNRNPKP4	GSM5088327	64.48406193958006
HNRNPKP4	GSM5088329	45.2255395026643
HNRNPKP4	GSM5088330	39.851121567899256
HNRNPKP4	GSM5088332	40.13432295683522
