Gene	sample	counts
KB-1517D11.4	GSM1022678	1.0149928632180971
KB-1517D11.4	GSM1022679	3.266044980555358
KB-1517D11.4	GSM1022680	1.0308436074633964
KB-1517D11.4	GSM1022681	1.0311088135197646
KB-1517D11.4	GSM1022682	5.058289238963193
KB-1517D11.4	GSM1022683	1.020863922442935
KB-1517D11.4	GSM1022684	1.0578149423884136
KB-1517D11.4	GSM1022685	1.0371148636315564
KB-1517D11.4	GSM1022686	1.0604724495698388
KB-1517D11.4	GSM1022687	1.1088805228290193
KB-1517D11.4	GSM1022688	1.0595694172829608
KB-1517D11.4	GSM1022689	3.0846390291280676
KB-1517D11.4	GSM1022690	1.1031801973034647
KB-1517D11.4	GSM1022691	1.0928326885818789
KB-1517D11.4	GSM1022692	1.0229984726241244
KB-1517D11.4	GSM1022693	1.0134855975762167
KB-1517D11.4	GSM1022694	1.0545664475046876
KB-1517D11.4	GSM1022695	1.0298210946342734
KB-1517D11.4	GSM1385778	2.0130016729090054
KB-1517D11.4	GSM1385779	1.08831673889073
KB-1517D11.4	GSM1385780	1.076969124990565
KB-1517D11.4	GSM1385781	1.0160593920172551
KB-1517D11.4	GSM1385782	1.010974028503044
KB-1517D11.4	GSM1385783	1.072602630214062
KB-1517D11.4	GSM1415906	1.006321233202252
KB-1517D11.4	GSM1415907	1.0141084146970722
KB-1517D11.4	GSM1415908	1.0241144897647825
KB-1517D11.4	GSM1415909	1.0137465254422466
KB-1517D11.4	GSM1415910	1.0149928632180971
KB-1517D11.4	GSM1415911	1.0101171841971937
KB-1517D11.4	GSM1415912	1.182512101984153
KB-1517D11.4	GSM1415913	1.1954362057291898
KB-1517D11.4	GSM1415914	1.1372485303867734
KB-1517D11.4	GSM1415915	1.1104272564901518
KB-1517D11.4	GSM1415916	1.1091395235784829
KB-1517D11.4	GSM1415917	1.1335736061479336
KB-1517D11.4	GSM1415918	1.14248870104818
KB-1517D11.4	GSM1415919	1.1435660966331045
KB-1517D11.4	GSM1415920	1.1170792534511031
KB-1517D11.4	GSM1415921	1.0789086069095255
KB-1517D11.4	GSM2769390	1.049114201454456
KB-1517D11.4	GSM2769391	1.0447696856901132
KB-1517D11.4	GSM2769392	2.0659833424271237
KB-1517D11.4	GSM2769393	1.026969767993484
KB-1517D11.4	GSM2769394	1.017679101810684
KB-1517D11.4	GSM2769395	1.0389231941618595
KB-1517D11.4	GSM2769396	1.0203367258104672
KB-1517D11.4	GSM2769397	1.0478235991023386
KB-1517D11.4	GSM2769398	1.0511612257547172
KB-1517D11.4	GSM3103946	11.106446871466842
KB-1517D11.4	GSM3103947	8.206052526679953
KB-1517D11.4	GSM3103948	6.26467038672797
KB-1517D11.4	GSM3103949	10.551769868786897
KB-1517D11.4	GSM3103950	13.247394429865682
KB-1517D11.4	GSM3103951	19
KB-1517D11.4	GSM3103952	6.032666046004229
KB-1517D11.4	GSM3103953	11.11128902616913
KB-1517D11.4	GSM3103954	11.048278499723256
KB-1517D11.4	GSM3103955	6.57514638545148
KB-1517D11.4	GSM3103956	7.152808587365572
KB-1517D11.4	GSM3103957	8.10643798352549
KB-1517D11.4	GSM3103958	12.246225965744861
KB-1517D11.4	GSM3103959	10.031556375768677
KB-1517D11.4	GSM3103960	5.0105132674184745
KB-1517D11.4	GSM3103961	12.124923206091008
KB-1517D11.4	GSM3103962	24.177087601732097
KB-1517D11.4	GSM3103963	12.26963643653496
KB-1517D11.4	GSM3103964	7.070820289380356
KB-1517D11.4	GSM3103965	13.035340180797704
KB-1517D11.4	GSM4260265	2.022357179512595
KB-1517D11.4	GSM4260266	2.015587593057966
KB-1517D11.4	GSM4260267	5.104818765769583
KB-1517D11.4	GSM4260268	9.190820150711897
KB-1517D11.4	GSM4260269	2.022451315201305
KB-1517D11.4	GSM4260270	12.101246136587529
KB-1517D11.4	GSM4260271	3.114507357738301
KB-1517D11.4	GSM4260272	1.031794725850175
KB-1517D11.4	GSM4260273	7.041178840822798
KB-1517D11.4	GSM4260274	8.832472901915251
KB-1517D11.4	GSM4260275	1.0300705159989183
KB-1517D11.4	GSM4260276	7.06032011261231
KB-1517D11.4	GSM4735785	1.1241583234625787
KB-1517D11.4	GSM4735786	1.05207499443912
KB-1517D11.4	GSM4735787	1.041096943231955
KB-1517D11.4	GSM4735788	1.0615495601063798
KB-1517D11.4	GSM4735789	1.0531587528031856
KB-1517D11.4	GSM4735790	1.0624726893191856
KB-1517D11.4	GSM4735791	1.0871027019164097
KB-1517D11.4	GSM4735792	1.119522653616255
KB-1517D11.4	GSM4735793	1.0950706995974604
KB-1517D11.4	GSM4735794	1.073004610131236
KB-1517D11.4	GSM4735795	1.0485009745543108
KB-1517D11.4	GSM4735796	1.1345222112631277
KB-1517D11.4	GSM4735797	1.1166577862322071
KB-1517D11.4	GSM4735798	1.1431313903741345
KB-1517D11.4	GSM4735799	1.1303004052343573
KB-1517D11.4	GSM4735800	1.1336053776903567
KB-1517D11.4	GSM4735801	1.08578255609448
KB-1517D11.4	GSM4735802	1.0404467493865326
KB-1517D11.4	GSM4735803	1.0290012974998244
KB-1517D11.4	GSM4735804	1.0579760419913706
KB-1517D11.4	GSM5282507	1.8809448764114047
KB-1517D11.4	GSM5282508	8.068937271556925
KB-1517D11.4	GSM5282509	9
KB-1517D11.4	GSM5282510	1.0362709230555889
KB-1517D11.4	GSM5282511	1.0176706758708058
KB-1517D11.4	GSM5282512	3.033535769268892
KB-1517D11.4	GSM5282513	4.012622550307471
KB-1517D11.4	GSM5282514	2.8790810159515665
KB-1517D11.4	GSM5282515	4.04647776120769
KB-1517D11.4	GSM5282516	1.0205188304787385
KB-1517D11.4	GSM5282517	1.015616606598635
KB-1517D11.4	GSM5282518	5.7433991187912135
KB-1517D11.4	GSM5282519	1.0438859933835571
KB-1517D11.4	GSM5282520	8.107884780609734
KB-1517D11.4	GSM5282521	1.0101171841971937
KB-1517D11.4	GSM5282522	3.033535769268892
KB-1517D11.4	GSM5282523	1.9316058271009784
KB-1517D11.4	GSM5282524	4
KB-1517D11.4	GSM5282525	4
KB-1517D11.4	GSM5282526	6.7267016396905275
KB-1517D11.4	GSM5282527	1
KB-1517D11.4	GSM5282528	2.012642466404504
KB-1517D11.4	GSM5282529	7
KB-1517D11.4	GSM5282530	1.005882691546114
KB-1517D11.4	GSM5282531	1.0128631629599931
KB-1517D11.4	GSM5282532	5
KB-1517D11.4	GSM5282533	2.3539265424497535
KB-1517D11.4	GSM5282534	5
KB-1517D11.4	GSM5282535	3
KB-1517D11.4	GSM5282536	1.0010430245262634
KB-1517D11.4	GSM4260927	2.00420530696739
KB-1517D11.4	GSM4260928	4.518189249904892
KB-1517D11.4	GSM4260929	3.491698904176024
KB-1517D11.4	GSM4260930	4
KB-1517D11.4	GSM4260931	2.0138792952151308
KB-1517D11.4	GSM4260932	4.016838912476249
KB-1517D11.4	GSM4260933	0.8337188926476333
KB-1517D11.4	GSM4260934	4.012622550307471
KB-1517D11.4	GSM4260935	8.092164186286894
KB-1517D11.4	GSM4260936	7.134859950505239
KB-1517D11.4	GSM4260937	5
KB-1517D11.4	GSM4260938	3.139034912791583
KB-1517D11.4	GSM4260939	6.018933825461207
KB-1517D11.4	GSM4260940	1.009398108835883
KB-1517D11.4	GSM4260941	5
KB-1517D11.4	GSM4260942	7
KB-1517D11.4	GSM4260943	2.03635931734443
KB-1517D11.4	GSM4260944	3.160758499049786
KB-1517D11.4	GSM4260945	2.0159954285833637
KB-1517D11.4	GSM4260946	2.755168599578948
KB-1517D11.4	GSM4260947	7.1692988131659225
KB-1517D11.4	GSM4260948	2.95308665467326
KB-1517D11.4	GSM4260949	6.186634537254486
KB-1517D11.4	GSM4260950	6
KB-1517D11.4	GSM4260951	3.448842151657728
KB-1517D11.4	GSM4260952	2.926082260382902
KB-1517D11.4	GSM4260953	4
KB-1517D11.4	GSM4260954	3.030351552591581
KB-1517D11.4	GSM4260955	3.13319407375805
KB-1517D11.4	GSM4260956	3.0652627882175594
KB-1517D11.4	GSM4260957	5.491543410756023
KB-1517D11.4	GSM4260958	2.090028250680739
KB-1517D11.4	GSM4260959	5.0925790800990365
KB-1517D11.4	GSM4260960	2.0189936366002894
KB-1517D11.4	GSM4260961	4.021059705091627
KB-1517D11.4	GSM4260962	6.042716167388221
KB-1517D11.4	GSM4260963	5
KB-1517D11.4	GSM4260964	6.012615920902169
KB-1517D11.4	GSM4260965	1.0480118219614296
KB-1517D11.4	GSM4260966	1
KB-1517D11.4	GSM4260967	3.42088534102218
KB-1517D11.4	GSM4260968	3.0094669127306033
KB-1517D11.4	GSM4260969	5.026324631364534
KB-1517D11.4	GSM4260970	4.605959126777351
KB-1517D11.4	GSM4260971	8.793377822454822
KB-1517D11.4	GSM4260972	3.045914310874566
KB-1517D11.4	GSM4260973	1.0069396476075654
KB-1517D11.4	GSM4260974	2.037443806568157
KB-1517D11.4	GSM4260975	4.015088426517098
KB-1517D11.4	GSM4260976	4
KB-1517D11.4	GSM4260977	9.335996786290517
KB-1517D11.4	GSM4260978	7
KB-1517D11.4	GSM4260979	4
KB-1517D11.4	GSM4260980	5.156292686293209
KB-1517D11.4	GSM4260981	1.3865995463082774
KB-1517D11.4	GSM4260982	1.006321233202252
KB-1517D11.4	GSM4260983	2.0342540829957367
KB-1517D11.4	GSM4260984	4.860273300162074
KB-1517D11.4	GSM4260985	1.420346145442816
KB-1517D11.4	GSM4260986	2.254364948469006
KB-1517D11.4	GSM4260987	4.214512189762509
KB-1517D11.4	GSM4260988	3.050057381923725
KB-1517D11.4	GSM4260989	4
KB-1517D11.4	GSM4260990	4
KB-1517D11.4	GSM4260991	5.026324631364534
KB-1517D11.4	GSM4260992	5.067847332850244
KB-1517D11.4	GSM4260993	5.0972381036659336
KB-1517D11.4	GSM4260994	3
KB-1517D11.4	GSM4260995	5.152891394926821
KB-1517D11.4	GSM4260996	4.925756974150168
KB-1517D11.4	GSM4260997	6
KB-1517D11.4	GSM4260998	4.733212032459753
KB-1517D11.4	GSM4260999	3.0081554263379315
KB-1517D11.4	GSM4261000	4.091852434895572
KB-1517D11.4	GSM4261001	3
KB-1517D11.4	GSM4261002	3.205894670843444
KB-1517D11.4	GSM4261003	1.006321233202252
KB-1517D11.4	GSM4261004	3.1407610412620173
KB-1517D11.4	GSM4261005	17
KB-1517D11.4	GSM4261006	6.1333137843516585
KB-1517D11.4	GSM4261007	1.059023137674673
KB-1517D11.4	GSM4261008	6.018933825461207
KB-1517D11.4	GSM4261009	9.275029934611938
KB-1517D11.4	GSM4261010	1.0573527504378613
KB-1517D11.4	GSM4261011	5.093198613652901
KB-1517D11.4	GSM4261012	1.1521636110377214
KB-1517D11.4	GSM4261013	1.035533229548271
KB-1517D11.4	GSM4261014	1.032686174919233
KB-1517D11.4	GSM4261015	3.0495071114403185
KB-1517D11.4	GSM4261016	7.033787914590772
KB-1517D11.4	GSM4261017	5.072752712894024
KB-1517D11.4	GSM4261018	5.938897940045744
KB-1517D11.4	GSM4261019	2.0388952414663737
KB-1517D11.4	GSM4261020	1.0794604597647677
KB-1517D11.4	GSM4261021	1.0353679331740913
KB-1517D11.4	GSM4261022	2.016355233508024
KB-1517D11.4	GSM4261023	4.017555818081184
KB-1517D11.4	GSM4261024	3.138262501818297
KB-1517D11.4	GSM4261025	7.213387382780026
KB-1517D11.4	GSM4261026	5.230063283553925
KB-1517D11.4	GSM4261027	9.29591849686919
KB-1517D11.4	GSM4818000	1.0148590600281953
KB-1517D11.4	GSM4818001	1.0529126092797554
KB-1517D11.4	GSM4818002	1.0358193297155989
KB-1517D11.4	GSM4818003	1.0573255696962722
KB-1517D11.4	GSM4818004	1.180393650637631
KB-1517D11.4	GSM4818005	1.0778621231566528
KB-1517D11.4	GSM4818006	1.1865753126452228
KB-1517D11.4	GSM4818007	1.1906613995587665
KB-1517D11.4	GSM4818008	1.0171270414978684
KB-1517D11.4	GSM4818009	1.049549533604482
KB-1517D11.4	GSM4818010	1.0971448421687486
KB-1517D11.4	GSM4818011	1.1446027103872318
KB-1517D11.4	GSM4818012	1.0166837908115425
KB-1517D11.4	GSM4818013	1.0362709230555889
KB-1517D11.4	GSM4818014	1.1681827290169344
KB-1517D11.4	GSM4818015	1.083493271513882
KB-1517D11.4	GSM4818016	1.0638862153272983
KB-1517D11.4	GSM4818017	1.0249978412128151
KB-1517D11.4	GSM4818018	1.0360041976426817
KB-1517D11.4	GSM4818019	1.0168461042644938
KB-1517D11.4	GSM4818020	1.0137465254422466
KB-1517D11.4	GSM4818021	1.0186397227305803
KB-1517D11.4	GSM4818022	1.066273626617109
KB-1517D11.4	GSM4818023	1.0980352910845552
KB-1517D11.4	GSM3056394	1.0671971411560988
KB-1517D11.4	GSM3056395	1.133705193223047
KB-1517D11.4	GSM3056396	1.203522155752025
KB-1517D11.4	GSM3056397	1.0736079330791972
KB-1517D11.4	GSM3056398	1.0205188304787385
KB-1517D11.4	GSM3056399	1.0997159648995063
KB-1517D11.4	GSM3056400	1.0751432370066922
KB-1517D11.4	GSM3056401	1.0560363314371135
KB-1517D11.4	GSM3056402	1.0757745868233608
KB-1517D11.4	GSM3056403	1.0438151284577408
KB-1517D11.4	GSM3056404	1.0217876980106086
KB-1517D11.4	GSM3056405	1.1407630523006334
KB-1517D11.4	GSM3056406	1.0920290281894016
KB-1517D11.4	GSM3056407	1.0946187709781108
KB-1517D11.4	GSM3056408	1.051302402577222
KB-1517D11.4	GSM3056409	1.0516329533829845
KB-1517D11.4	GSM3056410	1.2063342432114983
KB-1517D11.4	GSM3056411	1.2456982018473386
KB-1517D11.4	GSM3056412	1.1918056890427493
KB-1517D11.4	GSM3056413	1.1508553648838002
KB-1517D11.4	GSM3056414	1.028841826666172
KB-1517D11.4	GSM3056415	1.0579799460345516
KB-1517D11.4	GSM3056416	1.2099057083768017
KB-1517D11.4	GSM3056417	1.0643159022656992
KB-1517D11.4	GSM3056418	1.0171270414978684
KB-1517D11.4	GSM3056419	1.1049801633331209
KB-1517D11.4	GSM3056420	1.028396520097945
KB-1517D11.4	GSM3056421	1.128135411167967
KB-1517D11.4	GSM3056422	1.1379442381081375
KB-1517D11.4	GSM3056423	1.2189788698148885
KB-1517D11.4	GSM3056424	1.1011144214313489
KB-1517D11.4	GSM3056425	1.1975332789795994
KB-1517D11.4	GSM3056426	1.0466890534922917
KB-1517D11.4	GSM3056427	1.1736616871026193
KB-1517D11.4	GSM3056428	1.036458291289237
KB-1517D11.4	GSM3056429	1.10257721610693
KB-1517D11.4	GSM3056430	1.052417069693916
KB-1517D11.4	GSM3056431	1.142439781228339
KB-1517D11.4	GSM3056432	1.059849697095764
KB-1517D11.4	GSM3056433	1.184271708569342
KB-1517D11.4	GSM3056434	1.0367049728965188
KB-1517D11.4	GSM3056435	1.1519063682458093
KB-1517D11.4	GSM3056436	1.1394543927279692
KB-1517D11.4	GSM3056437	1.1397234185202714
KB-1517D11.4	GSM3056438	1.0890492244477346
KB-1517D11.4	GSM3056439	1.1115592369546867
KB-1517D11.4	GSM3056440	1.2274454144782774
KB-1517D11.4	GSM3056441	1.2448635470620568
KB-1517D11.4	GSM3056442	1.0186872166163066
KB-1517D11.4	GSM3056443	1.0336459304989285
KB-1517D11.4	GSM3056444	1.1444199091912266
KB-1517D11.4	GSM3056445	1.0494980139587593
KB-1517D11.4	GSM3056446	1.019059509939322
KB-1517D11.4	GSM3056447	1.015435376698988
KB-1517D11.4	GSM3056448	1.024185544737989
KB-1517D11.4	GSM3056449	1.0947620158572255
KB-1517D11.4	GSM3056450	1.0222189640586097
KB-1517D11.4	GSM3056451	1.103382198875546
KB-1517D11.4	GSM3056452	2.088191689669326
KB-1517D11.4	GSM3056453	1.0279483583199658
KB-1517D11.4	GSM3056454	1.096730865362172
KB-1517D11.4	GSM3056455	1.03045811269268
KB-1517D11.4	GSM3056456	1.0263390520415825
KB-1517D11.4	GSM3056457	1.1384325687729644
KB-1517D11.4	GSM3056458	1.2557940495074096
KB-1517D11.4	GSM3056459	1.1481121974989528
KB-1517D11.4	GSM3056460	1.1837356292037229
KB-1517D11.4	GSM3056461	1.1469577367468486
KB-1517D11.4	GSM3056462	1.1117090454229606
KB-1517D11.4	GSM3056463	1.2008842961788255
KB-1517D11.4	GSM3056464	1.1844698293014613
KB-1517D11.4	GSM3056465	1.1865971827336304
KB-1517D11.4	GSM3056466	1.1136536085485649
KB-1517D11.4	GSM3056467	1.1108302800333494
KB-1517D11.4	GSM3056468	1.0322660267276402
KB-1517D11.4	GSM3056469	1.1699582550602945
KB-1517D11.4	GSM3056470	1.1758048483689
KB-1517D11.4	GSM3056471	1.174293011298832
KB-1517D11.4	GSM3056472	1.1379848797326688
KB-1517D11.4	GSM3056473	1.1575030241811295
KB-1517D11.4	GSM3056474	1.051161031313454
KB-1517D11.4	GSM3056475	1.0840707430357266
KB-1517D11.4	GSM3056476	1.0948635770598911
KB-1517D11.4	GSM3056477	1.2185730406811457
KB-1517D11.4	GSM3056478	1.0291291295538048
KB-1517D11.4	GSM3056479	1.06765514956321
KB-1517D11.4	GSM3056480	1.0840048100905328
KB-1517D11.4	GSM3056481	1.0662480451428855
KB-1517D11.4	GSM3056482	1.0284970874248096
KB-1517D11.4	GSM3056483	1.037083044585549
KB-1517D11.4	GSM3056484	2.0546340827289247
KB-1517D11.4	GSM3056485	1.0205188304787385
KB-1517D11.4	GSM3056486	1.005882691546114
KB-1517D11.4	GSM3056487	1.0525949269761783
KB-1517D11.4	GSM3056488	1.031518738576124
KB-1517D11.4	GSM3056489	1.0397265506759497
KB-1517D11.4	GSM3056490	1.178211829351184
KB-1517D11.4	GSM3056491	1.1170910902175606
KB-1517D11.4	GSM3056492	1.1773943537710445
KB-1517D11.4	GSM3056493	1.0334101908671247
KB-1517D11.4	GSM3056494	1.107819707326396
KB-1517D11.4	GSM3056495	1.0271337236015363
KB-1517D11.4	GSM3056496	1.1222050399297292
KB-1517D11.4	GSM3056497	1.0570700324938929
KB-1517D11.4	GSM3056498	1.04694188654587
KB-1517D11.4	GSM3056499	1.133744875697002
KB-1517D11.4	GSM3056500	1.0444565839797195
KB-1517D11.4	GSM3056501	1.0721551792376132
KB-1517D11.4	GSM3056502	1.08857641851191
KB-1517D11.4	GSM3056503	1.0877459618960363
KB-1517D11.4	GSM3056504	1.1739892933880247
KB-1517D11.4	GSM3056505	1.1083611066445016
KB-1517D11.4	GSM3056506	1.14303534568626
KB-1517D11.4	GSM3056507	1.0645585925319514
KB-1517D11.4	GSM3056508	1.0605981271892662
KB-1517D11.4	GSM3056509	1.1710186025667155
KB-1517D11.4	GSM3056510	1.0600974424460647
KB-1517D11.4	GSM3056511	1.028844877264124
KB-1517D11.4	GSM3056512	1.0415280172615249
KB-1517D11.4	GSM3056513	1.0183775354062
KB-1517D11.4	GSM3056514	1.0283560960248197
KB-1517D11.4	GSM3056515	1.0296414890289598
KB-1517D11.4	GSM3056516	1.0468296639104129
KB-1517D11.4	GSM3056517	1.1385686106867394
KB-1517D11.4	GSM3056518	1.1006347876319424
KB-1517D11.4	GSM3056519	1.0557300588066605
KB-1517D11.4	GSM3056520	1.033094454356601
KB-1517D11.4	GSM3056521	1.035348445662253
KB-1517D11.4	GSM3056522	1.0222189640586097
KB-1517D11.4	GSM3056523	1.0205188304787385
KB-1517D11.4	GSM3056524	1.0895172463745693
KB-1517D11.4	GSM3056525	1.0648948898686688
KB-1517D11.4	GSM3056526	1.1027838789963782
KB-1517D11.4	GSM3056527	1.0342901535277809
KB-1517D11.4	GSM3056528	1.0471888853238862
KB-1517D11.4	GSM3056529	1.1911873485830604
KB-1517D11.4	GSM3056530	1.047854970580807
KB-1517D11.4	GSM3056531	1.0137344309370018
KB-1517D11.4	GSM3056532	1.1061955915650974
KB-1517D11.4	GSM3056533	1.0133047479406865
KB-1517D11.4	GSM3056534	1.196922523601421
KB-1517D11.4	GSM3056535	1.20973449569459
KB-1517D11.4	GSM3056536	1.062706751863823
KB-1517D11.4	GSM3056537	1.0569523428876488
KB-1517D11.4	GSM3056538	1.0541658556645055
KB-1517D11.4	GSM3056539	1.0866531352297344
KB-1517D11.4	GSM3056540	1.04457401461463
KB-1517D11.4	GSM3056541	1.1164056277191816
KB-1517D11.4	GSM3056542	1.1414285972236486
KB-1517D11.4	GSM3056543	1.0678586730946968
KB-1517D11.4	GSM3056544	1.0367049728965188
KB-1517D11.4	GSM3056545	1.0185158160198071
KB-1517D11.4	GSM3056546	1.0259038366624134
KB-1517D11.4	GSM3056547	1.090333757511899
KB-1517D11.4	GSM3056548	1.060928056245836
KB-1517D11.4	GSM3056549	1.0252617329741118
KB-1517D11.4	GSM3056550	1.0767860670853031
KB-1517D11.4	GSM3056551	1.200061330063647
KB-1517D11.4	GSM3056552	1.0641348781497308
KB-1517D11.4	GSM3056553	1.0192317946208482
KB-1517D11.4	GSM3056554	1.0465021711092777
KB-1517D11.4	GSM3056555	1.0447451495176634
KB-1517D11.4	GSM3056556	1.0205750651579029
KB-1517D11.4	GSM3056557	1.0162407332880792
KB-1517D11.4	GSM3056558	1.0368882259445316
KB-1517D11.4	GSM3056559	2.048673669692707
KB-1517D11.4	GSM3056560	1.082443291012517
KB-1517D11.4	GSM3056561	1.0318868335291314
KB-1517D11.4	GSM3056562	1.0140405146825942
KB-1517D11.4	GSM3056563	1.0469198056292055
KB-1517D11.4	GSM3056564	1.0274175031286488
KB-1517D11.4	GSM3056565	1.0078991514110949
KB-1517D11.4	GSM3056566	1.0166837908115425
KB-1517D11.4	GSM3056567	1.0316611845447583
KB-1517D11.4	GSM3056568	1.0865508035998022
KB-1517D11.4	GSM3056569	1.0263390520415825
KB-1517D11.4	GSM3056570	1.0185592904078271
KB-1517D11.4	GSM3056571	1.0429884209417746
KB-1517D11.4	GSM3056572	1.00923698426476
KB-1517D11.4	GSM3056573	1.0033346758492183
KB-1517D11.4	GSM3056574	1.0124217704162704
KB-1517D11.4	GSM3056575	1.0324454173830415
KB-1517D11.4	GSM3056576	1.0644088459728431
KB-1517D11.4	GSM3056577	1.0847063529232417
KB-1517D11.4	GSM3056578	1.0268402569519524
KB-1517D11.4	GSM3056579	1.0095203518255988
KB-1517D11.4	GSM3056580	1.005882691546114
KB-1517D11.4	GSM3056581	1.0462739390753122
KB-1517D11.4	GSM3056582	1.0312807276593572
KB-1517D11.4	GSM3056583	1.1353918984205518
KB-1517D11.4	GSM3056584	1.028251445509121
KB-1517D11.4	GSM3056585	1.1247568437508162
KB-1517D11.4	GSM3056586	1.0189841792680072
KB-1517D11.4	GSM3056587	1.062204574005858
KB-1517D11.4	GSM3056588	1.0421631481455746
KB-1517D11.4	GSM3056589	1.0524566049070392
KB-1517D11.4	GSM3056590	1.1134301312183068
KB-1517D11.4	GSM3056591	1.0597481520920962
KB-1517D11.4	GSM3056592	1.1026747034162443
KB-1517D11.4	GSM3056593	1.024470201518738
KB-1517D11.4	GSM3056594	1.0875747702391918
KB-1517D11.4	GSM3056595	1.0484273363113228
KB-1517D11.4	GSM1701327	1.006321233202252
KB-1517D11.4	GSM1701328	1.0071193612313702
KB-1517D11.4	GSM1701329	1.012241110613486
KB-1517D11.4	GSM1701330	1.005882691546114
KB-1517D11.4	GSM1701331	2.011765383092228
KB-1517D11.4	GSM1701332	2.0138792952151308
KB-1517D11.4	GSM1701333	1.0102974649320628
KB-1517D11.4	GSM1701334	1.012241110613486
KB-1517D11.4	GSM1701335	1.0052649262729068
KB-1517D11.4	GSM1701336	2.0142387224627405
KB-1517D11.4	GSM1701337	1.0086795453650572
KB-1517D11.4	GSM1701338	1.0133047479406865
KB-1517D11.4	GSM1701339	1.0090568927654775
KB-1517D11.4	GSM1701340	1.0094968183001447
KB-1517D11.4	GSM1701341	1.0602725763421132
KB-1517D11.4	GSM1701342	1.059295789449943
KB-1517D11.4	GSM1701343	1.0573627704908666
KB-1517D11.4	GSM1701344	1.06141792756223
KB-1517D11.4	GSM1701345	1.058161293559615
KB-1517D11.4	GSM1701346	1.058826283724254
KB-1517D11.4	GSM1701347	1.0601890413836794
KB-1517D11.4	GSM1701348	1.0616947414249631
KB-1517D11.4	GSM1701349	1.0605781647991852
KB-1517D11.4	GSM1701350	1.0597056086923635
KB-1517D11.4	GSM1701351	1.0603997977530852
KB-1517D11.4	GSM1701352	1.0603011325855043
KB-1517D11.4	GSM1701353	1.0626753474829336
KB-1517D11.4	GSM1701354	1.0605781647991852
KB-1517D11.4	GSM2430372	1.0263390520415825
KB-1517D11.4	GSM2430373	1.178989199412623
KB-1517D11.4	GSM2430374	1.0073786500721709
KB-1517D11.4	GSM2430375	1.017308573317508
KB-1517D11.4	GSM2430376	1.0174709865169165
KB-1517D11.4	GSM2430377	1.0177520963945978
KB-1517D11.4	GSM2430378	1.0919431712017074
KB-1517D11.4	GSM2430379	1.0761920654400507
KB-1517D11.4	GSM2430380	1.1385686106867394
KB-1517D11.4	GSM2430381	2.178150582578706
KB-1517D11.4	GSM2430382	1.0128631629599931
KB-1517D11.4	GSM2430383	1.0182587917304615
KB-1517D11.4	GSM2430384	1.0541200267910429
KB-1517D11.4	GSM2430385	1.0314622804585687
KB-1517D11.4	GSM2430386	1.0743758296805517
KB-1517D11.4	GSM3496511	1.019792350464111
KB-1517D11.4	GSM3496512	1.0199950653592855
KB-1517D11.4	GSM3496513	1.0330517092373654
KB-1517D11.4	GSM3496514	1.0162407332880792
KB-1517D11.4	GSM3496515	1.023591970618489
KB-1517D11.4	GSM3496516	1.019265707215034
KB-1517D11.4	GSM3496517	1.030612876099977
KB-1517D11.4	GSM3496518	1.0307234102331888
KB-1517D11.4	GSM3496519	6.148288380074213
KB-1517D11.4	GSM3496520	1.0328137297731232
KB-1517D11.4	GSM3496521	1.0227534888518934
KB-1517D11.4	GSM3496522	1.0186397227305803
KB-1517D11.4	GSM3496523	1.0174975635434254
KB-1517D11.4	GSM3496524	1.0399035425594685
KB-1517D11.4	GSM3496525	1.025386081006926
KB-1517D11.4	GSM3496526	6.14451693760189
KB-1517D11.4	GSM3496527	1.0255344535778763
KB-1517D11.4	GSM3496528	1.0218974130597691
KB-1517D11.4	GSM3496529	1.0307428106917913
KB-1517D11.4	GSM3496530	1.0260433290314774
KB-1517D11.4	GSM3496531	1.0186397227305803
KB-1517D11.4	GSM3496532	13.183161255265624
KB-1517D11.4	GSM3496533	1.0160593920172551
KB-1517D11.4	GSM3496534	1.024185544737989
KB-1517D11.4	GSM3496535	1.0251996317653735
KB-1517D11.4	GSM3496536	1.0246145325276546
KB-1517D11.4	GSM3496537	1.0229600460882833
KB-1517D11.4	GSM3496538	1.024978548885011
KB-1517D11.4	GSM3890958	1.0231082343106737
KB-1517D11.4	GSM3890959	1.0174709865169165
KB-1517D11.4	GSM3890960	1.0206817561953416
KB-1517D11.4	GSM3890961	1.0160593920172551
KB-1517D11.4	GSM3890962	1.0140405146825942
KB-1517D11.4	GSM3890963	1.0128357016133516
KB-1517D11.4	GSM3995429	2.1480314651261687
KB-1517D11.4	GSM3995430	1.012241110613486
KB-1517D11.4	GSM3995431	1.023996142678994
KB-1517D11.4	GSM3995432	1.0204576260783185
KB-1517D11.4	GSM3995433	1.008177616754012
KB-1517D11.4	GSM3995434	2.0257263259199867
KB-1517D11.4	GSM3995435	1.005882691546114
KB-1517D11.4	GSM3995436	1
KB-1517D11.4	GSM3995437	1.0101171841971937
KB-1517D11.4	GSM3995438	1
KB-1517D11.4	GSM3995439	1.0062256738876167
KB-1517D11.4	GSM3995440	1
KB-1517D11.4	GSM3995441	1.015435376698988
KB-1517D11.4	GSM3995442	1.0052649262729068
KB-1517D11.4	GSM3995443	1
KB-1517D11.4	GSM3995444	0.6992800139115648
KB-1517D11.4	GSM3995445	1.0073786500721709
KB-1517D11.4	GSM3995446	1.006321233202252
KB-1517D11.4	GSM4559002	1.0143695029110564
KB-1517D11.4	GSM4559003	1.011218440727335
KB-1517D11.4	GSM4559004	1.0137465254422466
KB-1517D11.4	GSM4559005	1.0119710465213243
KB-1517D11.4	GSM4559006	1.0148590600281953
KB-1517D11.4	GSM4559007	1.0109183228503416
KB-1517D11.4	GSM4559008	1.0143695029110564
KB-1517D11.4	GSM4559009	1.012583403438145
KB-1517D11.4	GSM4559010	1.0203367258104672
KB-1517D11.4	GSM4559011	1.014811744621229
KB-1517D11.4	GSM4559012	1.0164029760069468
KB-1517D11.4	GSM4559013	1.0196103754312746
KB-1517D11.4	GSM5088149	1.0307097903287668
KB-1517D11.4	GSM5088151	1.013927453924048
KB-1517D11.4	GSM5088153	1.0226799346893198
KB-1517D11.4	GSM5088155	1.0313762328846994
KB-1517D11.4	GSM5088157	2.04030930727508
KB-1517D11.4	GSM5088159	1.0274175031286488
KB-1517D11.4	GSM5088161	9.059953717799418
KB-1517D11.4	GSM5088163	1.033176034474096
KB-1517D11.4	GSM5088164	1.0284725465974855
KB-1517D11.4	GSM5088166	1.032174804622037
KB-1517D11.4	GSM5088168	1.015925448230349
KB-1517D11.4	GSM5088170	1.020863922442935
KB-1517D11.4	GSM5088172	1.0403654936449642
KB-1517D11.4	GSM5088174	1.022036556013025
KB-1517D11.4	GSM5088176	1.0117999891520548
KB-1517D11.4	GSM5088178	1.0258917868813222
KB-1517D11.4	GSM5088180	1.0160593920172551
KB-1517D11.4	GSM5088182	1.0262739242315972
KB-1517D11.4	GSM5088184	1.0137223365760504
KB-1517D11.4	GSM5088186	1.0193074884493565
KB-1517D11.4	GSM5088188	1.0101171841971937
KB-1517D11.4	GSM5088190	1.0187944029733862
KB-1517D11.4	GSM5088192	1.0117999891520548
KB-1517D11.4	GSM5088194	1.031105756209081
KB-1517D11.4	GSM5088196	28.38212721226337
KB-1517D11.4	GSM5088198	1.02385819574147
KB-1517D11.4	GSM5088200	1.0203367258104672
KB-1517D11.4	GSM5088202	1.005882691546114
KB-1517D11.4	GSM5088204	1.0352000886305022
KB-1517D11.4	GSM5088206	2.0297872326917044
KB-1517D11.4	GSM5088208	6.0670715385377845
KB-1517D11.4	GSM5088210	1.0248149372954374
KB-1517D11.4	GSM5088212	1.0069396476075654
KB-1517D11.4	GSM5088214	1.0196103754312746
KB-1517D11.4	GSM5088216	19.168202453891993
KB-1517D11.4	GSM5088218	1.026522227975446
KB-1517D11.4	GSM5088220	1.0133921639356958
KB-1517D11.4	GSM5088222	1.0242613383331167
KB-1517D11.4	GSM5088224	1.013468027672391
KB-1517D11.4	GSM5088226	1.023010445525838
KB-1517D11.4	GSM5088227	3.0399142438220585
KB-1517D11.4	GSM5088229	1.0197100835573685
KB-1517D11.4	GSM5088231	27.289924145844793
KB-1517D11.4	GSM5088233	12.273934754948996
KB-1517D11.4	GSM5088235	1.0198920763856196
KB-1517D11.4	GSM5088237	8.154125657720272
KB-1517D11.4	GSM5088239	1.0241046745142437
KB-1517D11.4	GSM5088241	1.002102653483695
KB-1517D11.4	GSM5088243	1.0316898669042749
KB-1517D11.4	GSM5088245	1.0107379313275848
KB-1517D11.4	GSM5088247	1.0254810340328455
KB-1517D11.4	GSM5088249	3.024532850262036
KB-1517D11.4	GSM5088251	1.021833246373565
KB-1517D11.4	GSM5088253	52.93673438019213
KB-1517D11.4	GSM5088255	1.0248149372954374
KB-1517D11.4	GSM5088257	10.069396476075651
KB-1517D11.4	GSM5088259	1.012989652590018
KB-1517D11.4	GSM5088261	10.19059509939322
KB-1517D11.4	GSM5088263	1.0331252944477782
KB-1517D11.4	GSM5088265	1.0134855975762167
KB-1517D11.4	GSM5088267	1.0279483583199658
KB-1517D11.4	GSM5088269	1.0231104861462117
KB-1517D11.4	GSM5088271	1.0289454884360238
KB-1517D11.4	GSM5088273	6.071623100736438
KB-1517D11.4	GSM5088275	1.0263390520415825
KB-1517D11.4	GSM5088277	64.48374029100616
KB-1517D11.4	GSM5088279	1.0198920763856196
KB-1517D11.4	GSM5088281	1.0128529238064856
KB-1517D11.4	GSM5088283	1
KB-1517D11.4	GSM5088285	16.13787454311385
KB-1517D11.4	GSM5088287	1.0342616696891775
KB-1517D11.4	GSM5088289	1.0291291295538048
KB-1517D11.4	GSM5088291	1.0444565839797195
KB-1517D11.4	GSM5088293	1.0271285477368342
KB-1517D11.4	GSM5088295	1.0303943792766896
KB-1517D11.4	GSM5088297	3.065692239179307
KB-1517D11.4	GSM5088299	1.026686112133785
KB-1517D11.4	GSM5088300	1.0340786412752847
KB-1517D11.4	GSM5088302	1.0230276866545278
KB-1517D11.4	GSM5088304	1.020863922442935
KB-1517D11.4	GSM5088306	1.0319068837913443
KB-1517D11.4	GSM5088308	14.28726362670234
KB-1517D11.4	GSM5088310	1.0224821403815345
KB-1517D11.4	GSM5088312	1.03415704891956
KB-1517D11.4	GSM5088314	11.203941311918143
KB-1517D11.4	GSM5088315	1.0257087234453983
KB-1517D11.4	GSM5088317	1.0335649001524403
KB-1517D11.4	GSM5088319	1.02363911594978
KB-1517D11.4	GSM5088321	1.0284970874248096
KB-1517D11.4	GSM5088323	1.0292877846062916
KB-1517D11.4	GSM5088325	12.220008825310678
KB-1517D11.4	GSM5088327	1.023556538723493
KB-1517D11.4	GSM5088329	1.0278531705150975
KB-1517D11.4	GSM5088330	7.152765409622944
KB-1517D11.4	GSM5088332	1.0290852040214158
