Gene	sample	counts
MADCAM1	GSM1022678	35.52475021263341
MADCAM1	GSM1022679	1.0886816601851197
MADCAM1	GSM1022680	1.0308436074633964
MADCAM1	GSM1022681	56.71098474358705
MADCAM1	GSM1022682	67.78107580210678
MADCAM1	GSM1022683	35.730237285502724
MADCAM1	GSM1022684	1.0578149423884136
MADCAM1	GSM1022685	1.0371148636315564
MADCAM1	GSM1022686	1.0604724495698388
MADCAM1	GSM1022687	1.1088805228290193
MADCAM1	GSM1022688	6.357416503697764
MADCAM1	GSM1022689	1.028213009709356
MADCAM1	GSM1022690	1.1031801973034647
MADCAM1	GSM1022691	1.0928326885818789
MADCAM1	GSM1022692	6.137990835744747
MADCAM1	GSM1022693	1.0134855975762167
MADCAM1	GSM1022694	1.0545664475046876
MADCAM1	GSM1022695	2.059642189268547
MADCAM1	GSM1385778	10.065008364545028
MADCAM1	GSM1385779	5.44158369445365
MADCAM1	GSM1385780	5.384845624952825
MADCAM1	GSM1385781	8.128475136138041
MADCAM1	GSM1385782	15.16461042754566
MADCAM1	GSM1385783	8.580821041712497
MADCAM1	GSM1415906	9.056891098820268
MADCAM1	GSM1415907	15.211626220456084
MADCAM1	GSM1415908	1.0241144897647825
MADCAM1	GSM1415909	6.08247915265348
MADCAM1	GSM1415910	6.089957179308584
MADCAM1	GSM1415911	20.202343683943873
MADCAM1	GSM1415912	1.182512101984153
MADCAM1	GSM1415913	1.1954362057291898
MADCAM1	GSM1415914	1.1372485303867734
MADCAM1	GSM1415915	1.1104272564901518
MADCAM1	GSM1415916	1.1091395235784829
MADCAM1	GSM1415917	1.1335736061479336
MADCAM1	GSM1415918	1.14248870104818
MADCAM1	GSM1415919	1.1435660966331045
MADCAM1	GSM1415920	1.1170792534511031
MADCAM1	GSM1415921	2.157817213819051
MADCAM1	GSM2769390	39.86633965526932
MADCAM1	GSM2769391	39.7012480562243
MADCAM1	GSM2769392	54.74855857431877
MADCAM1	GSM2769393	42.10576048773285
MADCAM1	GSM2769394	47.830917785102145
MADCAM1	GSM2769395	39.47908137815067
MADCAM1	GSM2769396	26.52875487107215
MADCAM1	GSM2769397	33.530355171274834
MADCAM1	GSM2769398	24.176708192358493
MADCAM1	GSM3103946	1.0096769883151675
MADCAM1	GSM3103947	0.9117836140755504
MADCAM1	GSM3103948	20.046945237529503
MADCAM1	GSM3103949	21.103539737573794
MADCAM1	GSM3103950	4.031815696046078
MADCAM1	GSM3103951	5
MADCAM1	GSM3103952	1.0054443410007048
MADCAM1	GSM3103953	1.0101171841971937
MADCAM1	GSM3103954	1.004388954520296
MADCAM1	GSM3103955	8.453759638437615
MADCAM1	GSM3103956	1.0218297981950817
MADCAM1	GSM3103957	1.0133047479406865
MADCAM1	GSM3103958	2.041037660957477
MADCAM1	GSM3103959	5.015778187884338
MADCAM1	GSM3103960	2.00420530696739
MADCAM1	GSM3103961	0.8660659432922149
MADCAM1	GSM3103962	1.0073786500721709
MADCAM1	GSM3103963	1.02246970304458
MADCAM1	GSM3103964	9.091054657774745
MADCAM1	GSM3103965	2.0054369508919545
MADCAM1	GSM4260265	93.02843025757936
MADCAM1	GSM4260266	43.33513325074627
MADCAM1	GSM4260267	53.09011516400366
MADCAM1	GSM4260268	51.06011194839941
MADCAM1	GSM4260269	24.269415782415656
MADCAM1	GSM4260270	66.55685375123142
MADCAM1	GSM4260271	44.64127212758231
MADCAM1	GSM4260272	22.69948396870385
MADCAM1	GSM4260273	104.61179992079586
MADCAM1	GSM4260274	32.21254823051444
MADCAM1	GSM4260275	15.451057739983776
MADCAM1	GSM4260276	95.81863009973848
MADCAM1	GSM4735785	1.1241583234625787
MADCAM1	GSM4735786	1.05207499443912
MADCAM1	GSM4735787	26.02742358079888
MADCAM1	GSM4735788	1.0615495601063798
MADCAM1	GSM4735789	11.58474628083504
MADCAM1	GSM4735790	72.24814287370462
MADCAM1	GSM4735791	42.397005374739976
MADCAM1	GSM4735792	1.119522653616255
MADCAM1	GSM4735793	1.0950706995974604
MADCAM1	GSM4735794	1.073004610131236
MADCAM1	GSM4735795	139.45062961572333
MADCAM1	GSM4735796	1.1345222112631277
MADCAM1	GSM4735797	35.733049159430635
MADCAM1	GSM4735798	1.1431313903741345
MADCAM1	GSM4735799	4.521201620937429
MADCAM1	GSM4735800	1.1336053776903567
MADCAM1	GSM4735801	1.08578255609448
MADCAM1	GSM4735802	122.77271642761085
MADCAM1	GSM4735803	4.1160051899992975
MADCAM1	GSM4735804	1.0579760419913706
MADCAM1	GSM5282507	62.07118092157636
MADCAM1	GSM5282508	71.61181828506771
MADCAM1	GSM5282509	74
MADCAM1	GSM5282510	63.212526306390906
MADCAM1	GSM5282511	62.07791122811915
MADCAM1	GSM5282512	69.77132269318452
MADCAM1	GSM5282513	64.20196080491954
MADCAM1	GSM5282514	68.13825071085374
MADCAM1	GSM5282515	66.76688305992688
MADCAM1	GSM5282516	65.31320515063926
MADCAM1	GSM5282517	61.952613002516735
MADCAM1	GSM5282518	67.96355623902936
MADCAM1	GSM5282519	63.67704559639699
MADCAM1	GSM5282520	61.82262145214922
MADCAM1	GSM5282521	69.69808570960636
MADCAM1	GSM5282522	66.73778692391564
MADCAM1	GSM5282523	68.57200686208472
MADCAM1	GSM5282524	61
MADCAM1	GSM5282525	77
MADCAM1	GSM5282526	73.99371803659581
MADCAM1	GSM5282527	66
MADCAM1	GSM5282528	64.40455892494413
MADCAM1	GSM5282529	71
MADCAM1	GSM5282530	69.40590571668187
MADCAM1	GSM5282531	61.7846529405596
MADCAM1	GSM5282532	66
MADCAM1	GSM5282533	61.986732284510175
MADCAM1	GSM5282534	61
MADCAM1	GSM5282535	77
MADCAM1	GSM5282536	66.06883961873338
MADCAM1	GSM4260927	63.132467169472775
MADCAM1	GSM4260928	3.2272780356463517
MADCAM1	GSM4260929	10.475096712528073
MADCAM1	GSM4260930	1
MADCAM1	GSM4260931	1.0069396476075654
MADCAM1	GSM4260932	18.07577510614312
MADCAM1	GSM4260933	69.19866808975357
MADCAM1	GSM4260934	1.0031556375768678
MADCAM1	GSM4260935	31.357136221861712
MADCAM1	GSM4260936	1.019265707215034
MADCAM1	GSM4260937	1
MADCAM1	GSM4260938	1.0463449709305277
MADCAM1	GSM4260939	1.0031556375768678
MADCAM1	GSM4260940	1.009398108835883
MADCAM1	GSM4260941	83
MADCAM1	GSM4260942	31
MADCAM1	GSM4260943	1.018179658672215
MADCAM1	GSM4260944	39.509481238122326
MADCAM1	GSM4260945	70.55984000041772
MADCAM1	GSM4260946	6.061370919073686
MADCAM1	GSM4260947	1.024185544737989
MADCAM1	GSM4260948	27.316051555727658
MADCAM1	GSM4260949	5.155528781045405
MADCAM1	GSM4260950	1
MADCAM1	GSM4260951	31.901789902833983
MADCAM1	GSM4260952	4.876803767304836
MADCAM1	GSM4260953	1
MADCAM1	GSM4260954	50.505859209859686
MADCAM1	GSM4260955	1.0443980245860167
MADCAM1	GSM4260956	31.674382144914784
MADCAM1	GSM4260957	40.27131834554417
MADCAM1	GSM4260958	11.495155378744064
MADCAM1	GSM4260959	1.0185158160198071
MADCAM1	GSM4260960	1.0094968183001447
MADCAM1	GSM4260961	83.43698888065127
MADCAM1	GSM4260962	1.0071193612313702
MADCAM1	GSM4260963	5
MADCAM1	GSM4260964	1.002102653483695
MADCAM1	GSM4260965	1.0480118219614296
MADCAM1	GSM4260966	1
MADCAM1	GSM4260967	20.52531204613308
MADCAM1	GSM4260968	1.0031556375768678
MADCAM1	GSM4260969	1.0052649262729068
MADCAM1	GSM4260970	0.7676598544628919
MADCAM1	GSM4260971	47.735479607611886
MADCAM1	GSM4260972	1.015304770291522
MADCAM1	GSM4260973	1.0069396476075654
MADCAM1	GSM4260974	1.0187219032840784
MADCAM1	GSM4260975	44.16597269168807
MADCAM1	GSM4260976	11
MADCAM1	GSM4260977	1.0373329762545018
MADCAM1	GSM4260978	1
MADCAM1	GSM4260979	31
MADCAM1	GSM4260980	48.98478051978548
MADCAM1	GSM4260981	16.63919455569933
MADCAM1	GSM4260982	11.069533565224772
MADCAM1	GSM4260983	31.530938286433916
MADCAM1	GSM4260984	0.8100455500270124
MADCAM1	GSM4260985	0.710173072721408
MADCAM1	GSM4260986	33.06401924421209
MADCAM1	GSM4260987	1.0536280474406272
MADCAM1	GSM4260988	11.183543733720324
MADCAM1	GSM4260989	1
MADCAM1	GSM4260990	1
MADCAM1	GSM4260991	1.0052649262729068
MADCAM1	GSM4260992	0.7239781904071776
MADCAM1	GSM4260993	1.0194476207331868
MADCAM1	GSM4260994	37
MADCAM1	GSM4260995	1.0305782789853644
MADCAM1	GSM4260996	36.12221781043457
MADCAM1	GSM4260997	18
MADCAM1	GSM4260998	0.7888686720766255
MADCAM1	GSM4260999	1.0027184754459773
MADCAM1	GSM4261000	1.022963108723893
MADCAM1	GSM4261001	24
MADCAM1	GSM4261002	1.0686315569478149
MADCAM1	GSM4261003	18.113782197640536
MADCAM1	GSM4261004	1.0469203470873392
MADCAM1	GSM4261005	1
MADCAM1	GSM4261006	1.0222189640586097
MADCAM1	GSM4261007	1.059023137674673
MADCAM1	GSM4261008	1.0031556375768678
MADCAM1	GSM4261009	11.336147697859037
MADCAM1	GSM4261010	1.0573527504378613
MADCAM1	GSM4261011	1.0186397227305803
MADCAM1	GSM4261012	1.1521636110377214
MADCAM1	GSM4261013	1.035533229548271
MADCAM1	GSM4261014	1.032686174919233
MADCAM1	GSM4261015	11.181526075281168
MADCAM1	GSM4261016	1.004826844941539
MADCAM1	GSM4261017	1.0145505425788048
MADCAM1	GSM4261018	0.6598775488939715
MADCAM1	GSM4261019	1.0194476207331868
MADCAM1	GSM4261020	1.0794604597647677
MADCAM1	GSM4261021	1.0353679331740913
MADCAM1	GSM4261022	44.359815137176525
MADCAM1	GSM4261023	1.004388954520296
MADCAM1	GSM4261024	1.046087500606099
MADCAM1	GSM4261025	5.15241955912859
MADCAM1	GSM4261026	1.0460126567107848
MADCAM1	GSM4261027	94.81836866806572
MADCAM1	GSM4818000	25.37147650070488
MADCAM1	GSM4818001	48.43398002686875
MADCAM1	GSM4818002	1.0358193297155989
MADCAM1	GSM4818003	1.0573255696962722
MADCAM1	GSM4818004	1.180393650637631
MADCAM1	GSM4818005	1.0778621231566528
MADCAM1	GSM4818006	1.1865753126452228
MADCAM1	GSM4818007	1.1906613995587665
MADCAM1	GSM4818008	11.188397456476553
MADCAM1	GSM4818009	1.049549533604482
MADCAM1	GSM4818010	1.0971448421687486
MADCAM1	GSM4818011	36.62728673239142
MADCAM1	GSM4818012	5.083418954057713
MADCAM1	GSM4818013	5.181354615277943
MADCAM1	GSM4818014	1.1681827290169344
MADCAM1	GSM4818015	1.083493271513882
MADCAM1	GSM4818016	41.49156239776464
MADCAM1	GSM4818017	54.324885584279215
MADCAM1	GSM4818018	1.0360041976426817
MADCAM1	GSM4818019	25.42115260661235
MADCAM1	GSM4818020	39.53611449224762
MADCAM1	GSM4818021	39.72694918649263
MADCAM1	GSM4818022	5.331368133085545
MADCAM1	GSM4818023	5.490176455422777
MADCAM1	GSM3056394	1.0671971411560988
MADCAM1	GSM3056395	1.133705193223047
MADCAM1	GSM3056396	1.203522155752025
MADCAM1	GSM3056397	124.53852023718686
MADCAM1	GSM3056398	129.60589147079978
MADCAM1	GSM3056399	1.0997159648995063
MADCAM1	GSM3056400	196.75121237222467
MADCAM1	GSM3056401	297.802245465266
MADCAM1	GSM3056402	1.0757745868233608
MADCAM1	GSM3056403	1.0438151284577408
MADCAM1	GSM3056404	1.0217876980106086
MADCAM1	GSM3056405	1.1407630523006334
MADCAM1	GSM3056406	1.0920290281894016
MADCAM1	GSM3056407	1.0946187709781108
MADCAM1	GSM3056408	1.051302402577222
MADCAM1	GSM3056409	1.0516329533829845
MADCAM1	GSM3056410	1.2063342432114983
MADCAM1	GSM3056411	1.2456982018473386
MADCAM1	GSM3056412	1.1918056890427493
MADCAM1	GSM3056413	1.1508553648838002
MADCAM1	GSM3056414	119.34565189327596
MADCAM1	GSM3056415	1.0579799460345516
MADCAM1	GSM3056416	1.2099057083768017
MADCAM1	GSM3056417	1.0643159022656992
MADCAM1	GSM3056418	1.0171270414978684
MADCAM1	GSM3056419	1.1049801633331209
MADCAM1	GSM3056420	1.028396520097945
MADCAM1	GSM3056421	1.128135411167967
MADCAM1	GSM3056422	1.1379442381081375
MADCAM1	GSM3056423	7.31387321888933
MADCAM1	GSM3056424	1.1011144214313489
MADCAM1	GSM3056425	1.1975332789795994
MADCAM1	GSM3056426	1.0466890534922917
MADCAM1	GSM3056427	266.4212029722946
MADCAM1	GSM3056428	1.036458291289237
MADCAM1	GSM3056429	1.10257721610693
MADCAM1	GSM3056430	1.052417069693916
MADCAM1	GSM3056431	1.142439781228339
MADCAM1	GSM3056432	1.059849697095764
MADCAM1	GSM3056433	1.184271708569342
MADCAM1	GSM3056434	1.0367049728965188
MADCAM1	GSM3056435	1.1519063682458093
MADCAM1	GSM3056436	94.57471459642146
MADCAM1	GSM3056437	31.912255718567597
MADCAM1	GSM3056438	1.0890492244477346
MADCAM1	GSM3056439	1.1115592369546867
MADCAM1	GSM3056440	1.2274454144782774
MADCAM1	GSM3056441	1.2448635470620568
MADCAM1	GSM3056442	1.0186872166163066
MADCAM1	GSM3056443	1.0336459304989285
MADCAM1	GSM3056444	6.86651945514736
MADCAM1	GSM3056445	1.0494980139587593
MADCAM1	GSM3056446	62.16263010629864
MADCAM1	GSM3056447	1.015435376698988
MADCAM1	GSM3056448	1.024185544737989
MADCAM1	GSM3056449	1.0947620158572255
MADCAM1	GSM3056450	1.0222189640586097
MADCAM1	GSM3056451	6.620293193253277
MADCAM1	GSM3056452	1.044095844834663
MADCAM1	GSM3056453	17.47512209143942
MADCAM1	GSM3056454	103.0927013440442
MADCAM1	GSM3056455	1.03045811269268
MADCAM1	GSM3056456	119.05533003682352
MADCAM1	GSM3056457	1.1384325687729644
MADCAM1	GSM3056458	21.34849884162596
MADCAM1	GSM3056459	1.1481121974989528
MADCAM1	GSM3056460	1.1837356292037229
MADCAM1	GSM3056461	1.1469577367468486
MADCAM1	GSM3056462	1.1117090454229606
MADCAM1	GSM3056463	7.2053057770729545
MADCAM1	GSM3056464	1.1844698293014613
MADCAM1	GSM3056465	1.1865971827336304
MADCAM1	GSM3056466	1.1136536085485649
MADCAM1	GSM3056467	31.10324784093378
MADCAM1	GSM3056468	1.0322660267276402
MADCAM1	GSM3056469	84.23699436434119
MADCAM1	GSM3056470	1.1758048483689
MADCAM1	GSM3056471	7.045758067792992
MADCAM1	GSM3056472	1.1379848797326688
MADCAM1	GSM3056473	173.6254536271694
MADCAM1	GSM3056474	1.051161031313454
MADCAM1	GSM3056475	1.0840707430357266
MADCAM1	GSM3056476	1.0948635770598911
MADCAM1	GSM3056477	182.7859561021718
MADCAM1	GSM3056478	51.45645647769024
MADCAM1	GSM3056479	277.5903388864346
MADCAM1	GSM3056480	78.04834632651837
MADCAM1	GSM3056481	76.76985925028775
MADCAM1	GSM3056482	1.0284970874248096
MADCAM1	GSM3056483	1.037083044585549
MADCAM1	GSM3056484	1.0273170413644623
MADCAM1	GSM3056485	1.0205188304787385
MADCAM1	GSM3056486	239.4000805879751
MADCAM1	GSM3056487	1.0525949269761783
MADCAM1	GSM3056488	62.92264305314356
MADCAM1	GSM3056489	63.423319591232925
MADCAM1	GSM3056490	241.5334250169927
MADCAM1	GSM3056491	1.1170910902175606
MADCAM1	GSM3056492	176.60915306565664
MADCAM1	GSM3056493	6.200461145202749
MADCAM1	GSM3056494	18.832935024548732
MADCAM1	GSM3056495	403.66355337540386
MADCAM1	GSM3056496	142.5200400710756
MADCAM1	GSM3056497	1.0570700324938929
MADCAM1	GSM3056498	63.86345507929807
MADCAM1	GSM3056499	383.2057679855866
MADCAM1	GSM3056500	1.0444565839797195
MADCAM1	GSM3056501	919.909143785872
MADCAM1	GSM3056502	1.08857641851191
MADCAM1	GSM3056503	102.24812041822742
MADCAM1	GSM3056504	1.1739892933880247
MADCAM1	GSM3056505	251.59797120830183
MADCAM1	GSM3056506	1.14303534568626
MADCAM1	GSM3056507	1.0645585925319514
MADCAM1	GSM3056508	1.0605981271892662
MADCAM1	GSM3056509	1.1710186025667155
MADCAM1	GSM3056510	1.0600974424460647
MADCAM1	GSM3056511	1.028844877264124
MADCAM1	GSM3056512	6.249168103569148
MADCAM1	GSM3056513	17.3124181019054
MADCAM1	GSM3056514	1.0283560960248197
MADCAM1	GSM3056515	1.0296414890289598
MADCAM1	GSM3056516	1.0468296639104129
MADCAM1	GSM3056517	1.1385686106867394
MADCAM1	GSM3056518	18.710791389743022
MADCAM1	GSM3056519	1.0557300588066605
MADCAM1	GSM3056520	1.033094454356601
MADCAM1	GSM3056521	1.035348445662253
MADCAM1	GSM3056522	153.33284460879148
MADCAM1	GSM3056523	28.57452725340468
MADCAM1	GSM3056524	1.0895172463745693
MADCAM1	GSM3056525	571.8485558594751
MADCAM1	GSM3056526	201.80944985633724
MADCAM1	GSM3056527	1.0342901535277809
MADCAM1	GSM3056528	283.78818792277315
MADCAM1	GSM3056529	46.45630659473935
MADCAM1	GSM3056530	1.047854970580807
MADCAM1	GSM3056531	1.0137344309370018
MADCAM1	GSM3056532	1.1061955915650974
MADCAM1	GSM3056533	39.51888516968676
MADCAM1	GSM3056534	33.51383066083979
MADCAM1	GSM3056535	60.48672478472951
MADCAM1	GSM3056536	1.062706751863823
MADCAM1	GSM3056537	17.96818982909003
MADCAM1	GSM3056538	1.0541658556645055
MADCAM1	GSM3056539	1.0866531352297344
MADCAM1	GSM3056540	549.4459316872953
MADCAM1	GSM3056541	253.4240774922542
MADCAM1	GSM3056542	1.1414285972236486
MADCAM1	GSM3056543	1.0678586730946968
MADCAM1	GSM3056544	178.3132553382012
MADCAM1	GSM3056545	50.92579080099036
MADCAM1	GSM3056546	244.1651131256544
MADCAM1	GSM3056547	1.090333757511899
MADCAM1	GSM3056548	1.060928056245836
MADCAM1	GSM3056549	96.37460289956653
MADCAM1	GSM3056550	1.0767860670853031
MADCAM1	GSM3056551	1.200061330063647
MADCAM1	GSM3056552	1.0641348781497308
MADCAM1	GSM3056553	1.0192317946208482
MADCAM1	GSM3056554	1.0465021711092777
MADCAM1	GSM3056555	109.69824069935468
MADCAM1	GSM3056556	1.0205750651579029
MADCAM1	GSM3056557	84.34798086291057
MADCAM1	GSM3056558	1.0368882259445316
MADCAM1	GSM3056559	107.55536765886713
MADCAM1	GSM3056560	1.082443291012517
MADCAM1	GSM3056561	1.0318868335291314
MADCAM1	GSM3056562	219.0327511714403
MADCAM1	GSM3056563	1.0469198056292055
MADCAM1	GSM3056564	6.1645050187718935
MADCAM1	GSM3056565	295.3144513634508
MADCAM1	GSM3056566	1.0166837908115425
MADCAM1	GSM3056567	85.62787831721495
MADCAM1	GSM3056568	6.519304821598814
MADCAM1	GSM3056569	1.0263390520415825
MADCAM1	GSM3056570	28.51966013141916
MADCAM1	GSM3056571	6.2579305256506474
MADCAM1	GSM3056572	1.00923698426476
MADCAM1	GSM3056573	227.75697141777263
MADCAM1	GSM3056574	84.03100694455044
MADCAM1	GSM3056575	1.0324454173830415
MADCAM1	GSM3056576	1.0644088459728431
MADCAM1	GSM3056577	1.0847063529232417
MADCAM1	GSM3056578	1.0268402569519524
MADCAM1	GSM3056579	1.0095203518255988
MADCAM1	GSM3056580	83.48826339832748
MADCAM1	GSM3056581	1.0462739390753122
MADCAM1	GSM3056582	40.21994837871493
MADCAM1	GSM3056583	1.1353918984205518
MADCAM1	GSM3056584	1.028251445509121
MADCAM1	GSM3056585	1.1247568437508162
MADCAM1	GSM3056586	17.322731047556122
MADCAM1	GSM3056587	1.062204574005858
MADCAM1	GSM3056588	1.0421631481455746
MADCAM1	GSM3056589	1.0524566049070392
MADCAM1	GSM3056590	191.50998256954875
MADCAM1	GSM3056591	1.0597481520920962
MADCAM1	GSM3056592	1.1026747034162443
MADCAM1	GSM3056593	51.2235100759369
MADCAM1	GSM3056594	6.525448621435151
MADCAM1	GSM3056595	1.0484273363113228
MADCAM1	GSM1701327	103.65108701983196
MADCAM1	GSM1701328	90.64074251082332
MADCAM1	GSM1701329	79.96704773846538
MADCAM1	GSM1701330	117.68827491089534
MADCAM1	GSM1701331	92.5412076222425
MADCAM1	GSM1701332	94.65232687511114
MADCAM1	GSM1701333	79.81349972963297
MADCAM1	GSM1701334	86.04049440214631
MADCAM1	GSM1701335	90.47384336456162
MADCAM1	GSM1701336	95.67633931698018
MADCAM1	GSM1701337	81.70304317456963
MADCAM1	GSM1701338	80.0510750873142
MADCAM1	GSM1701339	79.71549452847275
MADCAM1	GSM1701340	90.85471364701304
MADCAM1	GSM1701341	79.5204432256585
MADCAM1	GSM1701342	79.44718420874574
MADCAM1	GSM1701343	81.41693332779671
MADCAM1	GSM1701344	79.60634456716724
MADCAM1	GSM1701345	81.47841960409035
MADCAM1	GSM1701346	79.41197127931903
MADCAM1	GSM1701347	79.51417810377596
MADCAM1	GSM1701348	79.62710560687223
MADCAM1	GSM1701349	79.54336235993888
MADCAM1	GSM1701350	79.47792065192728
MADCAM1	GSM1701351	79.52998483148139
MADCAM1	GSM1701352	79.52258494391285
MADCAM1	GSM1701353	79.70065106122001
MADCAM1	GSM1701354	79.54336235993888
MADCAM1	GSM2430372	24.63213724899797
MADCAM1	GSM2430373	1.178989199412623
MADCAM1	GSM2430374	57.420583054113735
MADCAM1	GSM2430375	13.225011453127603
MADCAM1	GSM2430376	24.419303676405992
MADCAM1	GSM2430377	1.0177520963945978
MADCAM1	GSM2430378	10.919431712017074
MADCAM1	GSM2430379	1.0761920654400507
MADCAM1	GSM2430380	1.1385686106867394
MADCAM1	GSM2430381	1.089075291289353
MADCAM1	GSM2430382	119.5178532292792
MADCAM1	GSM2430383	1.0182587917304615
MADCAM1	GSM2430384	1.0541200267910429
MADCAM1	GSM2430385	1.0314622804585687
MADCAM1	GSM2430386	10.743758296805517
MADCAM1	GSM3496511	74.44484158388012
MADCAM1	GSM3496512	74.45963977122786
MADCAM1	GSM3496513	75.41277477432769
MADCAM1	GSM3496514	74.18557353002979
MADCAM1	GSM3496515	74.7222138551497
MADCAM1	GSM3496516	74.40639662669749
MADCAM1	GSM3496517	85.54086871629809
MADCAM1	GSM3496518	85.55004304935468
MADCAM1	GSM3496519	222.3630964126841
MADCAM1	GSM3496520	80.55947092230362
MADCAM1	GSM3496521	74.6610046861882
MADCAM1	GSM3496522	74.36069975933236
MADCAM1	GSM3496523	74.27732213867004
MADCAM1	GSM3496524	75.91295860684119
MADCAM1	GSM3496525	79.98011431854023
MADCAM1	GSM3496526	74.75828940748966
MADCAM1	GSM3496527	74.86401511118497
MADCAM1	GSM3496528	74.59851115336313
MADCAM1	GSM3496529	75.24422518050076
MADCAM1	GSM3496530	74.90116301929784
MADCAM1	GSM3496531	79.45389837298526
MADCAM1	GSM3496532	239.32508124943743
MADCAM1	GSM3496533	74.17233561725962
MADCAM1	GSM3496534	74.76554476587319
MADCAM1	GSM3496535	74.83957311887227
MADCAM1	GSM3496536	74.79686087451879
MADCAM1	GSM3496537	383.6100172831063
MADCAM1	GSM3496538	74.8234340686058
MADCAM1	GSM3890958	96.17217402520332
MADCAM1	GSM3890959	93.6073307595563
MADCAM1	GSM3890960	100.02681210714348
MADCAM1	GSM3890961	93.47746406558748
MADCAM1	GSM3890962	91.26364632143348
MADCAM1	GSM3890963	95.20655595165503
MADCAM1	GSM3995429	97.735431663240675
MADCAM1	GSM3995430	75.91808329601145
MADCAM1	GSM3995431	72.70372613020858
MADCAM1	GSM3995432	69.39111857332566
MADCAM1	GSM3995433	78.63785410681294
MADCAM1	GSM3995434	75.9647372219995
MADCAM1	GSM3995435	75.44120186595856
MADCAM1	GSM3995436	106
MADCAM1	GSM3995437	80.80937473577549
MADCAM1	GSM3995438	88
MADCAM1	GSM3995439	96.5976646932112
MADCAM1	GSM3995440	104
MADCAM1	GSM3995441	77.1730886291231
MADCAM1	GSM3995442	71.37380976537638
MADCAM1	GSM3995443	113
MADCAM1	GSM3995444	87.4100017389456
MADCAM1	GSM3995445	82.605049305918
MADCAM1	GSM3995446	73.4614500237644
MADCAM1	GSM4559002	112.59501482312729
MADCAM1	GSM4559003	112.24524692073416
MADCAM1	GSM4559004	105.42963864599366
MADCAM1	GSM4559005	125.48440976864424
MADCAM1	GSM4559006	101.48590600281952
MADCAM1	GSM4559007	101.09183228503416
MADCAM1	GSM4559008	101.43695029110565
MADCAM1	GSM4559009	115.4345079919485
MADCAM1	GSM4559010	102.03367258104672
MADCAM1	GSM4559011	98.4367392282592
MADCAM1	GSM4559012	94.52547676864604
MADCAM1	GSM4559013	130.51012805520315
MADCAM1	GSM5088149	59.78116783906847
MADCAM1	GSM5088151	67.9331394129112
MADCAM1	GSM5088153	109.42675301175724
MADCAM1	GSM5088155	1379.9813995997276
MADCAM1	GSM5088157	68.35036179371517
MADCAM1	GSM5088159	80.13856524403461
MADCAM1	GSM5088161	2536.787040983837
MADCAM1	GSM5088163	59.92420999949757
MADCAM1	GSM5088164	521.4355811249252
MADCAM1	GSM5088166	77.41311034665277
MADCAM1	GSM5088168	297.6661563314923
MADCAM1	GSM5088170	59.21010750169023
MADCAM1	GSM5088172	69.7044880742126
MADCAM1	GSM5088174	77.67477825698988
MADCAM1	GSM5088176	127.48679863315893
MADCAM1	GSM5088178	63.60529078664197
MADCAM1	GSM5088180	101.6059392017255
MADCAM1	GSM5088182	76.9705443173698
MADCAM1	GSM5088184	143.94857179379915
MADCAM1	GSM5088186	181.43673294398545
MADCAM1	GSM5088188	72.72843726219794
MADCAM1	GSM5088190	91.69149626760476
MADCAM1	GSM5088192	83.97939909962055
MADCAM1	GSM5088194	1753.9108913116468
MADCAM1	GSM5088196	67.9143758293445
MADCAM1	GSM5088198	76.78936468061026
MADCAM1	GSM5088200	84.68794824226879
MADCAM1	GSM5088202	67.39414033358965
MADCAM1	GSM5088204	69.35840593824365
MADCAM1	GSM5088206	194.8595743384036
MADCAM1	GSM5088208	116.2855378219742
MADCAM1	GSM5088210	59.43926636313536
MADCAM1	GSM5088212	185.276895159792
MADCAM1	GSM5088214	86.66688191165834
MADCAM1	GSM5088216	96.84986503019113
MADCAM1	GSM5088218	59.53828922257586
MADCAM1	GSM5088220	67.89727498369162
MADCAM1	GSM5088222	76.81960037498376
MADCAM1	GSM5088224	114.5218871269802
MADCAM1	GSM5088226	59.3346058404986
MADCAM1	GSM5088227	67.89141811202597
MADCAM1	GSM5088229	76.47825626680263
MADCAM1	GSM5088231	87.93420002549989
MADCAM1	GSM5088233	63.41532956723648
MADCAM1	GSM5088235	68.33276911783652
MADCAM1	GSM5088237	86.6375851132779
MADCAM1	GSM5088239	59.39807112182612
MADCAM1	GSM5088241	79.1661096252119
MADCAM1	GSM5088243	77.37674001782061
MADCAM1	GSM5088245	91.97715175081022
MADCAM1	GSM5088247	59.47789997390504
MADCAM1	GSM5088249	76.62149887330492
MADCAM1	GSM5088251	76.63749347801739
MADCAM1	GSM5088253	84.4951721837682
MADCAM1	GSM5088255	59.43926636313536
MADCAM1	GSM5088257	112.77724053204732
MADCAM1	GSM5088259	92.18205838569163
MADCAM1	GSM5088261	98.84877246411423
MADCAM1	GSM5088263	59.92126707797113
MADCAM1	GSM5088265	73.98444862306383
MADCAM1	GSM5088267	77.09612687399743
MADCAM1	GSM5088269	97.19549618389011
MADCAM1	GSM5088271	59.678838329289384
MADCAM1	GSM5088273	109.28921581325588
MADCAM1	GSM5088275	126.2397034011146
MADCAM1	GSM5088277	85.64246757399255
MADCAM1	GSM5088279	107.08866802049008
MADCAM1	GSM5088281	67.86114589503453
MADCAM1	GSM5088283	89
MADCAM1	GSM5088285	87.74969282818157
MADCAM1	GSM5088287	59.9871768419723
MADCAM1	GSM5088289	68.95165168010492
MADCAM1	GSM5088291	78.33424379847898
MADCAM1	GSM5088293	87.30592655763091
MADCAM1	GSM5088295	59.76287399804799
MADCAM1	GSM5088297	71.53281891418384
MADCAM1	GSM5088299	95.481808428442
MADCAM1	GSM5088300	59.97656119396651
MADCAM1	GSM5088302	68.54285500585335
MADCAM1	GSM5088304	96.98207263207884
MADCAM1	GSM5088306	59.85059925989798
MADCAM1	GSM5088308	72.45683696399043
MADCAM1	GSM5088310	89.97842835357503
MADCAM1	GSM5088312	59.981108837334475
MADCAM1	GSM5088314	68.24218799077414
MADCAM1	GSM5088315	152.8305997933644
MADCAM1	GSM5088317	59.94676420884154
MADCAM1	GSM5088319	68.58382076863526
MADCAM1	GSM5088321	84.33676116883439
MADCAM1	GSM5088323	59.69869150716491
MADCAM1	GSM5088325	68.22838260798463
MADCAM1	GSM5088327	91.09653194639088
MADCAM1	GSM5088329	59.61548388987566
MADCAM1	GSM5088330	74.59312498606785
MADCAM1	GSM5088332	131.72290611474122
