Gene	sample	counts
YBX2P1	GSM1022678	4.059971452872389
YBX2P1	GSM1022679	1.0886816601851197
YBX2P1	GSM1022680	1.0308436074633964
YBX2P1	GSM1022681	1.0311088135197646
YBX2P1	GSM1022682	8.093262782341109
YBX2P1	GSM1022683	1.020863922442935
YBX2P1	GSM1022684	1.0578149423884136
YBX2P1	GSM1022685	1.0371148636315564
YBX2P1	GSM1022686	1.0604724495698388
YBX2P1	GSM1022687	1.1088805228290193
YBX2P1	GSM1022688	2.1191388345659217
YBX2P1	GSM1022689	1.028213009709356
YBX2P1	GSM1022690	1.1031801973034647
YBX2P1	GSM1022691	1.0928326885818789
YBX2P1	GSM1022692	1.0229984726241244
YBX2P1	GSM1022693	1.0134855975762167
YBX2P1	GSM1022694	1.0545664475046876
YBX2P1	GSM1022695	1.0298210946342734
YBX2P1	GSM1385778	1.0065008364545027
YBX2P1	GSM1385779	1.08831673889073
YBX2P1	GSM1385780	1.076969124990565
YBX2P1	GSM1385781	2.0321187840345103
YBX2P1	GSM1385782	1.010974028503044
YBX2P1	GSM1385783	1.072602630214062
YBX2P1	GSM1415906	1.006321233202252
YBX2P1	GSM1415907	1.0141084146970722
YBX2P1	GSM1415908	1.0241144897647825
YBX2P1	GSM1415909	1.0137465254422466
YBX2P1	GSM1415910	1.0149928632180971
YBX2P1	GSM1415911	1.0101171841971937
YBX2P1	GSM1415912	1.182512101984153
YBX2P1	GSM1415913	1.1954362057291898
YBX2P1	GSM1415914	1.1372485303867734
YBX2P1	GSM1415915	1.1104272564901518
YBX2P1	GSM1415916	1.1091395235784829
YBX2P1	GSM1415917	1.1335736061479336
YBX2P1	GSM1415918	1.14248870104818
YBX2P1	GSM1415919	1.1435660966331045
YBX2P1	GSM1415920	1.1170792534511031
YBX2P1	GSM1415921	1.0789086069095255
YBX2P1	GSM2769390	1.049114201454456
YBX2P1	GSM2769391	1.0447696856901132
YBX2P1	GSM2769392	1.0329916712135618
YBX2P1	GSM2769393	2.053939535986968
YBX2P1	GSM2769394	1.017679101810684
YBX2P1	GSM2769395	1.0389231941618595
YBX2P1	GSM2769396	1.0203367258104672
YBX2P1	GSM2769397	2.095647198204677
YBX2P1	GSM2769398	1.0511612257547172
YBX2P1	GSM3103946	2.019353976630335
YBX2P1	GSM3103947	1.8235672281511008
YBX2P1	GSM3103948	0.6264670386727971
YBX2P1	GSM3103949	2.4350238158738993
YBX2P1	GSM3103950	1.727921012591176
YBX2P1	GSM3103951	4
YBX2P1	GSM3103952	1.0054443410007048
YBX2P1	GSM3103953	1.0101171841971937
YBX2P1	GSM3103954	1.004388954520296
YBX2P1	GSM3103955	0.9393066264930684
YBX2P1	GSM3103956	2.0436595963901634
YBX2P1	GSM3103957	3.0399142438220585
YBX2P1	GSM3103958	1.0205188304787385
YBX2P1	GSM3103959	1.0031556375768678
YBX2P1	GSM3103960	3.0063079604510845
YBX2P1	GSM3103961	0.8660659432922149
YBX2P1	GSM3103962	1.0073786500721709
YBX2P1	GSM3103963	1.02246970304458
YBX2P1	GSM3103964	1.0101171841971937
YBX2P1	GSM3103965	2.0054369508919545
YBX2P1	GSM4260265	1.0111785897562977
YBX2P1	GSM4260266	2.015587593057966
YBX2P1	GSM4260267	1.0209637531539166
YBX2P1	GSM4260268	2.0424044779359765
YBX2P1	GSM4260269	1.0112256576006524
YBX2P1	GSM4260270	1.0084371780489607
YBX2P1	GSM4260271	1.0381691192461002
YBX2P1	GSM4260272	1.031794725850175
YBX2P1	GSM4260273	1.005882691546114
YBX2P1	GSM4260274	3.6369006066709857
YBX2P1	GSM4260275	1.0300705159989183
YBX2P1	GSM4260276	1.0086171589446156
YBX2P1	GSM4735785	1.1241583234625787
YBX2P1	GSM4735786	1.05207499443912
YBX2P1	GSM4735787	1.041096943231955
YBX2P1	GSM4735788	1.0615495601063798
YBX2P1	GSM4735789	1.0531587528031856
YBX2P1	GSM4735790	1.0624726893191856
YBX2P1	GSM4735791	1.0871027019164097
YBX2P1	GSM4735792	1.119522653616255
YBX2P1	GSM4735793	1.0950706995974604
YBX2P1	GSM4735794	1.073004610131236
YBX2P1	GSM4735795	1.0485009745543108
YBX2P1	GSM4735796	1.1345222112631277
YBX2P1	GSM4735797	1.1166577862322071
YBX2P1	GSM4735798	1.1431313903741345
YBX2P1	GSM4735799	1.1303004052343573
YBX2P1	GSM4735800	1.1336053776903567
YBX2P1	GSM4735801	1.08578255609448
YBX2P1	GSM4735802	1.0404467493865326
YBX2P1	GSM4735803	1.0290012974998244
YBX2P1	GSM4735804	1.0579760419913706
YBX2P1	GSM5282507	0.9404724382057024
YBX2P1	GSM5282508	1.0086171589446156
YBX2P1	GSM5282509	1
YBX2P1	GSM5282510	1.0362709230555889
YBX2P1	GSM5282511	1.0176706758708058
YBX2P1	GSM5282512	1.0111785897562977
YBX2P1	GSM5282513	1.0031556375768678
YBX2P1	GSM5282514	0.9596936719838556
YBX2P1	GSM5282515	3.0348583209057676
YBX2P1	GSM5282516	1.0205188304787385
YBX2P1	GSM5282517	1.015616606598635
YBX2P1	GSM5282518	1.9144663729304048
YBX2P1	GSM5282519	1.0438859933835571
YBX2P1	GSM5282520	1.0134855975762167
YBX2P1	GSM5282521	1.0101171841971937
YBX2P1	GSM5282522	1.0111785897562977
YBX2P1	GSM5282523	1.9316058271009784
YBX2P1	GSM5282524	12
YBX2P1	GSM5282525	5
YBX2P1	GSM5282526	4.804786885493234
YBX2P1	GSM5282527	4
YBX2P1	GSM5282528	1.006321233202252
YBX2P1	GSM5282529	1
YBX2P1	GSM5282530	1.005882691546114
YBX2P1	GSM5282531	1.0128631629599931
YBX2P1	GSM5282532	1
YBX2P1	GSM5282533	1.5692843616331689
YBX2P1	GSM5282534	6
YBX2P1	GSM5282535	2
YBX2P1	GSM5282536	1.0010430245262634
YBX2P1	GSM4260927	18.03784776270651
YBX2P1	GSM4260928	6.4545560712927035
YBX2P1	GSM4260929	8.14729744307739
YBX2P1	GSM4260930	6
YBX2P1	GSM4260931	16.111034361721046
YBX2P1	GSM4260932	15.063145921785932
YBX2P1	GSM4260933	19.175534530895565
YBX2P1	GSM4260934	13.04102328849928
YBX2P1	GSM4260935	8.092164186286894
YBX2P1	GSM4260936	14.269719901010475
YBX2P1	GSM4260937	14
YBX2P1	GSM4260938	8.370759767444222
YBX2P1	GSM4260939	8.025245100614942
YBX2P1	GSM4260940	14.13157352370236
YBX2P1	GSM4260941	6
YBX2P1	GSM4260942	12
YBX2P1	GSM4260943	10.181796586722148
YBX2P1	GSM4260944	7.111706622862019
YBX2P1	GSM4260945	32.25592685733382
YBX2P1	GSM4260946	6.061370919073686
YBX2P1	GSM4260947	16.386968715807825
YBX2P1	GSM4260948	5.90617330934652
YBX2P1	GSM4260949	24.746538149017944
YBX2P1	GSM4260950	30
YBX2P1	GSM4260951	12.933158068716482
YBX2P1	GSM4260952	14.63041130191451
YBX2P1	GSM4260953	24
YBX2P1	GSM4260954	25.252929604929843
YBX2P1	GSM4260955	10.443980245860168
YBX2P1	GSM4260956	16.348068203826983
YBX2P1	GSM4260957	17.38988746739407
YBX2P1	GSM4260958	18.81025425612665
YBX2P1	GSM4260959	28.518442848554603
YBX2P1	GSM4260960	16.151949092802315
YBX2P1	GSM4260961	40.21059705091627
YBX2P1	GSM4260962	8.056954889850962
YBX2P1	GSM4260963	28
YBX2P1	GSM4260964	12.025231841804338
YBX2P1	GSM4260965	14.672165507460017
YBX2P1	GSM4260966	5
YBX2P1	GSM4260967	11.117877358322083
YBX2P1	GSM4260968	30.09466912730603
YBX2P1	GSM4260969	15.078973894093602
YBX2P1	GSM4260970	6.908938690166027
YBX2P1	GSM4260971	10.049574654234082
YBX2P1	GSM4260972	11.168352473206742
YBX2P1	GSM4260973	15.10409471411348
YBX2P1	GSM4260974	8.149775226272627
YBX2P1	GSM4260975	18.06789791932694
YBX2P1	GSM4260976	8
YBX2P1	GSM4260977	13.485328691308522
YBX2P1	GSM4260978	26
YBX2P1	GSM4260979	23
YBX2P1	GSM4260980	25.78146343146604
YBX2P1	GSM4260981	11.78609614362036
YBX2P1	GSM4260982	12.075854798427024
YBX2P1	GSM4260983	13.222651539472288
YBX2P1	GSM4260984	14.580819900486222
YBX2P1	GSM4260985	14.913634527149568
YBX2P1	GSM4260986	12.023279725168033
YBX2P1	GSM4260987	25.287073138575057
YBX2P1	GSM4260988	27.450516437313524
YBX2P1	GSM4260989	21
YBX2P1	GSM4260990	18
YBX2P1	GSM4260991	23.121093304276854
YBX2P1	GSM4260992	28.23514942587993
YBX2P1	GSM4260993	31.60287624272879
YBX2P1	GSM4260994	23
YBX2P1	GSM4260995	23.703300416663375
YBX2P1	GSM4260996	16.419189913833893
YBX2P1	GSM4260997	29
YBX2P1	GSM4260998	12.621898753226008
YBX2P1	GSM4260999	19.051651033473565
YBX2P1	GSM4261000	4.091852434895572
YBX2P1	GSM4261001	48
YBX2P1	GSM4261002	19.235368025060662
YBX2P1	GSM4261003	21.13274589724729
YBX2P1	GSM4261004	15.703805206310088
YBX2P1	GSM4261005	24
YBX2P1	GSM4261006	26.577693065523853
YBX2P1	GSM4261007	13.76730078977075
YBX2P1	GSM4261008	12.037867650922411
YBX2P1	GSM4261009	29.886207567082913
YBX2P1	GSM4261010	7.401469253065028
YBX2P1	GSM4261011	18.335515009150445
YBX2P1	GSM4261012	1.1521636110377214
YBX2P1	GSM4261013	10.355332295482713
YBX2P1	GSM4261014	16.522978798707733
YBX2P1	GSM4261015	24.396056891522548
YBX2P1	GSM4261016	27.130324813421552
YBX2P1	GSM4261017	10.145505425788048
YBX2P1	GSM4261018	17.816693820137232
YBX2P1	GSM4261019	26.505638139062857
YBX2P1	GSM4261020	7.556223218353374
YBX2P1	GSM4261021	13.459783131263189
YBX2P1	GSM4261022	27.220795652358323
YBX2P1	GSM4261023	23.10094595396681
YBX2P1	GSM4261024	19.87566251151588
YBX2P1	GSM4261025	41.21935647302872
YBX2P1	GSM4261026	14.644177193950988
YBX2P1	GSM4261027	26.02857179123373
YBX2P1	GSM4818000	2.0297181200563905
YBX2P1	GSM4818001	3.1587378278392664
YBX2P1	GSM4818002	4.1432773188623955
YBX2P1	GSM4818003	2.1146511393925445
YBX2P1	GSM4818004	2.360787301275262
YBX2P1	GSM4818005	1.0778621231566528
YBX2P1	GSM4818006	3.559725937935668
YBX2P1	GSM4818007	2.3813227991175325
YBX2P1	GSM4818008	2.0342540829957367
YBX2P1	GSM4818009	7.346846735231375
YBX2P1	GSM4818010	2.1942896843374973
YBX2P1	GSM4818011	5.72301355193616
YBX2P1	GSM4818012	7.116786535680798
YBX2P1	GSM4818013	3.1088127691667657
YBX2P1	GSM4818014	1.1681827290169344
YBX2P1	GSM4818015	1.083493271513882
YBX2P1	GSM4818016	1.0638862153272983
YBX2P1	GSM4818017	7.174984888489708
YBX2P1	GSM4818018	4.144016790570726
YBX2P1	GSM4818019	3.0505383127934818
YBX2P1	GSM4818020	8.109972203537973
YBX2P1	GSM4818021	3.055919168191741
YBX2P1	GSM4818022	1.066273626617109
YBX2P1	GSM4818023	1.0980352910845552
YBX2P1	GSM3056394	7.4703799880926915
YBX2P1	GSM3056395	3.4011155796691415
YBX2P1	GSM3056396	2.40704431150405
YBX2P1	GSM3056397	2.1472158661583944
YBX2P1	GSM3056398	4.082075321914954
YBX2P1	GSM3056399	1.0997159648995063
YBX2P1	GSM3056400	9.67628913306023
YBX2P1	GSM3056401	4.224145325748454
YBX2P1	GSM3056402	3.227323760470082
YBX2P1	GSM3056403	2.0876302569154817
YBX2P1	GSM3056404	3.0653630940318264
YBX2P1	GSM3056405	2.2815261046012667
YBX2P1	GSM3056406	9.828261253704616
YBX2P1	GSM3056407	3.2838563129343323
YBX2P1	GSM3056408	3.153907207731666
YBX2P1	GSM3056409	4.206531813531938
YBX2P1	GSM3056410	1.2063342432114983
YBX2P1	GSM3056411	1.2456982018473386
YBX2P1	GSM3056412	1.1918056890427493
YBX2P1	GSM3056413	8.0559875541866
YBX2P1	GSM3056414	4.115367306664688
YBX2P1	GSM3056415	3.1739398381036543
YBX2P1	GSM3056416	4.839622833507207
YBX2P1	GSM3056417	5.321579511328496
YBX2P1	GSM3056418	4.0685081659914735
YBX2P1	GSM3056419	5.524900816665604
YBX2P1	GSM3056420	3.085189560293835
YBX2P1	GSM3056421	6.768812467007801
YBX2P1	GSM3056422	2.275888476216275
YBX2P1	GSM3056423	6.094894349074441
YBX2P1	GSM3056424	4.404457685725395
YBX2P1	GSM3056425	2.3950665579591988
YBX2P1	GSM3056426	8.373512427938332
YBX2P1	GSM3056427	1.1736616871026193
YBX2P1	GSM3056428	6.218749747735422
YBX2P1	GSM3056429	2.20515443221386
YBX2P1	GSM3056430	2.1048341393878323
YBX2P1	GSM3056431	1.142439781228339
YBX2P1	GSM3056432	2.119699394191528
YBX2P1	GSM3056433	4.737086834277368
YBX2P1	GSM3056434	2.0734099457930375
YBX2P1	GSM3056435	2.3038127364916186
YBX2P1	GSM3056436	4.557817570911877
YBX2P1	GSM3056437	1.1397234185202714
YBX2P1	GSM3056438	1.0890492244477346
YBX2P1	GSM3056439	3.3346777108640606
YBX2P1	GSM3056440	2.4548908289565547
YBX2P1	GSM3056441	4.979454188248227
YBX2P1	GSM3056442	7.130810516314146
YBX2P1	GSM3056443	2.067291860997857
YBX2P1	GSM3056444	9.155359273529813
YBX2P1	GSM3056445	3.148494041876278
YBX2P1	GSM3056446	6.114357059635932
YBX2P1	GSM3056447	9.138918390290891
YBX2P1	GSM3056448	3.0725566342139667
YBX2P1	GSM3056449	2.189524031714451
YBX2P1	GSM3056450	3.0666568921758293
YBX2P1	GSM3056451	1.103382198875546
YBX2P1	GSM3056452	3.132287534503989
YBX2P1	GSM3056453	5.139741791599829
YBX2P1	GSM3056454	5.483654326810861
YBX2P1	GSM3056455	3.09137433807804
YBX2P1	GSM3056456	5.131695260207911
YBX2P1	GSM3056457	3.4152977063188934
YBX2P1	GSM3056458	2.511588099014819
YBX2P1	GSM3056459	9.184897579991622
YBX2P1	GSM3056460	1.1837356292037229
YBX2P1	GSM3056461	2.2939154734936973
YBX2P1	GSM3056462	5.558545227114802
YBX2P1	GSM3056463	1.2008842961788255
YBX2P1	GSM3056464	7.106818975808768
YBX2P1	GSM3056465	1.1865971827336304
YBX2P1	GSM3056466	1.1136536085485649
YBX2P1	GSM3056467	8.886642240266795
YBX2P1	GSM3056468	2.0645320534552805
YBX2P1	GSM3056469	9.359666040482354
YBX2P1	GSM3056470	2.3516096967377997
YBX2P1	GSM3056471	3.522879033896496
YBX2P1	GSM3056472	2.2759697594653376
YBX2P1	GSM3056473	4.630012096724518
YBX2P1	GSM3056474	2.102322062626908
YBX2P1	GSM3056475	3.25221222910718
YBX2P1	GSM3056476	2.1897271541197827
YBX2P1	GSM3056477	2.437146081362291
YBX2P1	GSM3056478	7.203903906876634
YBX2P1	GSM3056479	3.20296544868963
YBX2P1	GSM3056480	6.5040288605431975
YBX2P1	GSM3056481	12.794976541714624
YBX2P1	GSM3056482	4.113988349699238
YBX2P1	GSM3056483	8.296664356684392
YBX2P1	GSM3056484	2.0546340827289247
YBX2P1	GSM3056485	6.1231129828724304
YBX2P1	GSM3056486	3.017648074638342
YBX2P1	GSM3056487	6.315569561857069
YBX2P1	GSM3056488	5.15759369288062
YBX2P1	GSM3056489	2.0794531013518993
YBX2P1	GSM3056490	4.712847317404736
YBX2P1	GSM3056491	4.468364360870242
YBX2P1	GSM3056492	8.24176047639731
YBX2P1	GSM3056493	4.133640763468499
YBX2P1	GSM3056494	2.215639414652792
YBX2P1	GSM3056495	12.325604683218438
YBX2P1	GSM3056496	1.1222050399297292
YBX2P1	GSM3056497	3.1712100974816786
YBX2P1	GSM3056498	4.18776754618348
YBX2P1	GSM3056499	9.069959005576017
YBX2P1	GSM3056500	3.1333697519391595
YBX2P1	GSM3056501	9.64939661313852
YBX2P1	GSM3056502	6.5314585110714605
YBX2P1	GSM3056503	3.263237885688109
YBX2P1	GSM3056504	2.3479785867760494
YBX2P1	GSM3056505	3.325083319933505
YBX2P1	GSM3056506	1.14303534568626
YBX2P1	GSM3056507	3.193675777595854
YBX2P1	GSM3056508	3.1817943815677987
YBX2P1	GSM3056509	4.684074410266863
YBX2P1	GSM3056510	2.1201948848921295
YBX2P1	GSM3056511	3.086534631792372
YBX2P1	GSM3056512	6.249168103569148
YBX2P1	GSM3056513	6.1102652124372
YBX2P1	GSM3056514	4.113424384099278
YBX2P1	GSM3056515	4.118565956115839
YBX2P1	GSM3056516	2.0936593278208258
YBX2P1	GSM3056517	5.692843053433697
YBX2P1	GSM3056518	7.7044435134235965
YBX2P1	GSM3056519	5.278650294033301
YBX2P1	GSM3056520	3.099283363069803
YBX2P1	GSM3056521	2.070696891324506
YBX2P1	GSM3056522	11.244408604644708
YBX2P1	GSM3056523	1.0205188304787385
YBX2P1	GSM3056524	7.6266207246219855
YBX2P1	GSM3056525	19.168108017636037
YBX2P1	GSM3056526	8.822271031971026
YBX2P1	GSM3056527	2.0685803070555617
YBX2P1	GSM3056528	12.566266623886635
YBX2P1	GSM3056529	3.5735620457491812
YBX2P1	GSM3056530	4.191419882323227
YBX2P1	GSM3056531	14.192282033118024
YBX2P1	GSM3056532	1.1061955915650974
YBX2P1	GSM3056533	6.079828487644117
YBX2P1	GSM3056534	3.5907675708042626
YBX2P1	GSM3056535	1.20973449569459
YBX2P1	GSM3056536	4.250827007455292
YBX2P1	GSM3056537	2.1139046857752977
YBX2P1	GSM3056538	2.108331711329011
YBX2P1	GSM3056539	2.173306270459469
YBX2P1	GSM3056540	5.22287007307315
YBX2P1	GSM3056541	2.2328112554383632
YBX2P1	GSM3056542	1.1414285972236486
YBX2P1	GSM3056543	5.339293365473485
YBX2P1	GSM3056544	8.29363978317215
YBX2P1	GSM3056545	6.111094896118844
YBX2P1	GSM3056546	3.07771150998724
YBX2P1	GSM3056547	3.2710012725356967
YBX2P1	GSM3056548	6.365568337475016
YBX2P1	GSM3056549	4.101046931896447
YBX2P1	GSM3056550	4.3071442683412124
YBX2P1	GSM3056551	3.600183990190941
YBX2P1	GSM3056552	1.0641348781497308
YBX2P1	GSM3056553	3.0576953838625447
YBX2P1	GSM3056554	3.139506513327833
YBX2P1	GSM3056555	3.13423544855299
YBX2P1	GSM3056556	2.0411501303158057
YBX2P1	GSM3056557	14.227370266033107
YBX2P1	GSM3056558	4.147552903778126
YBX2P1	GSM3056559	5.121684174231767
YBX2P1	GSM3056560	7.577103037087619
YBX2P1	GSM3056561	3.0956605005873943
YBX2P1	GSM3056562	13.182526690873726
YBX2P1	GSM3056563	3.140759416887617
YBX2P1	GSM3056564	5.137087515643245
YBX2P1	GSM3056565	11.086890665522043
YBX2P1	GSM3056566	3.050051372434628
YBX2P1	GSM3056567	4.126644738179034
YBX2P1	GSM3056568	9.77895723239822
YBX2P1	GSM3056569	6.158034312249493
YBX2P1	GSM3056570	5.092796452039137
YBX2P1	GSM3056571	8.343907367534197
YBX2P1	GSM3056572	8.07389587411808
YBX2P1	GSM3056573	15.05002013773828
YBX2P1	GSM3056574	7.086952392913893
YBX2P1	GSM3056575	1.0324454173830415
YBX2P1	GSM3056576	3.1932265379185294
YBX2P1	GSM3056577	3.254119058769725
YBX2P1	GSM3056578	6.161041541711714
YBX2P1	GSM3056579	2.0190407036511977
YBX2P1	GSM3056580	7.041178840822798
YBX2P1	GSM3056581	7.323917573527186
YBX2P1	GSM3056582	3.0938421829780713
YBX2P1	GSM3056583	1.1353918984205518
YBX2P1	GSM3056584	4.113005782036484
YBX2P1	GSM3056585	20.245623187514692
YBX2P1	GSM3056586	7.1328892548760505
YBX2P1	GSM3056587	4.2488182960234315
YBX2P1	GSM3056588	2.0843262962911493
YBX2P1	GSM3056589	1.0524566049070392
YBX2P1	GSM3056590	2.2268602624366136
YBX2P1	GSM3056591	7.418237064644673
YBX2P1	GSM3056592	2.205349406832489
YBX2P1	GSM3056593	6.146821209112428
YBX2P1	GSM3056594	3.2627243107175756
YBX2P1	GSM3056595	2.0968546726226456
YBX2P1	GSM1701327	1.006321233202252
YBX2P1	GSM1701328	2.0142387224627405
YBX2P1	GSM1701329	3.0367233318404576
YBX2P1	GSM1701330	1.005882691546114
YBX2P1	GSM1701331	1.005882691546114
YBX2P1	GSM1701332	2.0138792952151308
YBX2P1	GSM1701333	2.0205949298641257
YBX2P1	GSM1701334	1.012241110613486
YBX2P1	GSM1701335	2.0105298525458135
YBX2P1	GSM1701336	1.0071193612313702
YBX2P1	GSM1701337	2.0173590907301144
YBX2P1	GSM1701338	1.0133047479406865
YBX2P1	GSM1701339	1.0090568927654775
YBX2P1	GSM1701340	1.0094968183001447
YBX2P1	GSM1701341	1.0602725763421132
YBX2P1	GSM1701342	1.059295789449943
YBX2P1	GSM1701343	1.0573627704908666
YBX2P1	GSM1701344	1.06141792756223
YBX2P1	GSM1701345	1.058161293559615
YBX2P1	GSM1701346	1.058826283724254
YBX2P1	GSM1701347	1.0601890413836794
YBX2P1	GSM1701348	1.0616947414249631
YBX2P1	GSM1701349	2.1211563295983704
YBX2P1	GSM1701350	1.0597056086923635
YBX2P1	GSM1701351	1.0603997977530852
YBX2P1	GSM1701352	1.0603011325855043
YBX2P1	GSM1701353	1.0626753474829336
YBX2P1	GSM1701354	1.0605781647991852
YBX2P1	GSM2430372	19.50044198879006
YBX2P1	GSM2430373	7.0739351964757375
YBX2P1	GSM2430374	13.09592245093822
YBX2P1	GSM2430375	13.225011453127603
YBX2P1	GSM2430376	18.314477757304495
YBX2P1	GSM2430377	10.177520963945978
YBX2P1	GSM2430378	10.919431712017074
YBX2P1	GSM2430379	3.228576196320152
YBX2P1	GSM2430380	3.415705832060218
YBX2P1	GSM2430381	8.712602330314825
YBX2P1	GSM2430382	21.270126422159866
YBX2P1	GSM2430383	20.365175834609236
YBX2P1	GSM2430384	1.0541200267910429
YBX2P1	GSM2430385	5.1573114022928435
YBX2P1	GSM2430386	10.743758296805517
YBX2P1	GSM3496511	1.019792350464111
YBX2P1	GSM3496512	1.0199950653592855
YBX2P1	GSM3496513	1.0330517092373654
YBX2P1	GSM3496514	1.0162407332880792
YBX2P1	GSM3496515	1.023591970618489
YBX2P1	GSM3496516	1.019265707215034
YBX2P1	GSM3496517	1.030612876099977
YBX2P1	GSM3496518	1.0307234102331888
YBX2P1	GSM3496519	1.024714730012369
YBX2P1	GSM3496520	1.0328137297731232
YBX2P1	GSM3496521	1.0227534888518934
YBX2P1	GSM3496522	1.0186397227305803
YBX2P1	GSM3496523	1.0174975635434254
YBX2P1	GSM3496524	1.0399035425594685
YBX2P1	GSM3496525	1.025386081006926
YBX2P1	GSM3496526	1.0240861562669816
YBX2P1	GSM3496527	1.0255344535778763
YBX2P1	GSM3496528	1.0218974130597691
YBX2P1	GSM3496529	1.0307428106917913
YBX2P1	GSM3496530	1.0260433290314774
YBX2P1	GSM3496531	1.0186397227305803
YBX2P1	GSM3496532	1.0140893273281248
YBX2P1	GSM3496533	1.0160593920172551
YBX2P1	GSM3496534	1.024185544737989
YBX2P1	GSM3496535	1.0251996317653735
YBX2P1	GSM3496536	1.0246145325276546
YBX2P1	GSM3496537	1.0229600460882833
YBX2P1	GSM3496538	1.024978548885011
YBX2P1	GSM3890958	2.0462164686213473
YBX2P1	GSM3890959	2.0349419730338325
YBX2P1	GSM3890960	1.0206817561953416
YBX2P1	GSM3890961	6.09635635210353
YBX2P1	GSM3890962	1.0140405146825942
YBX2P1	GSM3890963	1.0128357016133516
YBX2P1	GSM3995429	1.0740157325630844
YBX2P1	GSM3995430	1.012241110613486
YBX2P1	GSM3995431	1.023996142678994
YBX2P1	GSM3995432	1.0204576260783185
YBX2P1	GSM3995433	1.008177616754012
YBX2P1	GSM3995434	1.0128631629599931
YBX2P1	GSM3995435	1.005882691546114
YBX2P1	GSM3995436	1
YBX2P1	GSM3995437	2.0202343683943873
YBX2P1	GSM3995438	2
YBX2P1	GSM3995439	1.0062256738876167
YBX2P1	GSM3995440	2
YBX2P1	GSM3995441	1.015435376698988
YBX2P1	GSM3995442	1.0052649262729068
YBX2P1	GSM3995443	2
YBX2P1	GSM3995444	0.6992800139115648
YBX2P1	GSM3995445	5.036893250360854
YBX2P1	GSM3995446	1.006321233202252
YBX2P1	GSM4559002	1.0143695029110564
YBX2P1	GSM4559003	1.011218440727335
YBX2P1	GSM4559004	1.0137465254422466
YBX2P1	GSM4559005	1.0119710465213243
YBX2P1	GSM4559006	1.0148590600281953
YBX2P1	GSM4559007	1.0109183228503416
YBX2P1	GSM4559008	1.0143695029110564
YBX2P1	GSM4559009	1.012583403438145
YBX2P1	GSM4559010	1.0203367258104672
YBX2P1	GSM4559011	1.014811744621229
YBX2P1	GSM4559012	1.0164029760069468
YBX2P1	GSM4559013	1.0196103754312746
YBX2P1	GSM5088149	1.0307097903287668
YBX2P1	GSM5088151	1.013927453924048
YBX2P1	GSM5088153	1.0226799346893198
YBX2P1	GSM5088155	1.0313762328846994
YBX2P1	GSM5088157	1.02015465363754
YBX2P1	GSM5088159	1.0274175031286488
YBX2P1	GSM5088161	2.0133230483998705
YBX2P1	GSM5088163	1.033176034474096
YBX2P1	GSM5088164	1.0284725465974855
YBX2P1	GSM5088166	1.032174804622037
YBX2P1	GSM5088168	4.063701792921396
YBX2P1	GSM5088170	1.020863922442935
YBX2P1	GSM5088172	1.0403654936449642
YBX2P1	GSM5088174	1.022036556013025
YBX2P1	GSM5088176	1.0117999891520548
YBX2P1	GSM5088178	1.0258917868813222
YBX2P1	GSM5088180	1.0160593920172551
YBX2P1	GSM5088182	1.0262739242315972
YBX2P1	GSM5088184	1.0137223365760504
YBX2P1	GSM5088186	1.0193074884493565
YBX2P1	GSM5088188	1.0101171841971937
YBX2P1	GSM5088190	1.0187944029733862
YBX2P1	GSM5088192	1.0117999891520548
YBX2P1	GSM5088194	1.031105756209081
YBX2P1	GSM5088196	1.0136474004379774
YBX2P1	GSM5088198	1.02385819574147
YBX2P1	GSM5088200	1.0203367258104672
YBX2P1	GSM5088202	1.005882691546114
YBX2P1	GSM5088204	1.0352000886305022
YBX2P1	GSM5088206	1.0148936163458522
YBX2P1	GSM5088208	4.04471435902519
YBX2P1	GSM5088210	1.0248149372954374
YBX2P1	GSM5088212	1.0069396476075654
YBX2P1	GSM5088214	1.0196103754312746
YBX2P1	GSM5088216	1.0088527607311577
YBX2P1	GSM5088218	1.026522227975446
YBX2P1	GSM5088220	1.0133921639356958
YBX2P1	GSM5088222	1.0242613383331167
YBX2P1	GSM5088224	4.053872110689564
YBX2P1	GSM5088226	1.023010445525838
YBX2P1	GSM5088227	1.0133047479406865
YBX2P1	GSM5088229	1.0197100835573685
YBX2P1	GSM5088231	1.0107379313275848
YBX2P1	GSM5088233	1.0228278962457495
YBX2P1	GSM5088235	1.0198920763856196
YBX2P1	GSM5088237	3.0577971216451023
YBX2P1	GSM5088239	1.0241046745142437
YBX2P1	GSM5088241	1.002102653483695
YBX2P1	GSM5088243	1.0316898669042749
YBX2P1	GSM5088245	1.0107379313275848
YBX2P1	GSM5088247	1.0254810340328455
YBX2P1	GSM5088249	1.008177616754012
YBX2P1	GSM5088251	1.021833246373565
YBX2P1	GSM5088253	1.0180141226960024
YBX2P1	GSM5088255	1.0248149372954374
YBX2P1	GSM5088257	1.0069396476075654
YBX2P1	GSM5088259	1.012989652590018
YBX2P1	GSM5088261	1.019059509939322
YBX2P1	GSM5088263	1.0331252944477782
YBX2P1	GSM5088265	1.0134855975762167
YBX2P1	GSM5088267	1.0279483583199658
YBX2P1	GSM5088269	1.0231104861462117
YBX2P1	GSM5088271	1.0289454884360238
YBX2P1	GSM5088273	1.0119371834560729
YBX2P1	GSM5088275	1.0263390520415825
YBX2P1	GSM5088277	1.0075584420469712
YBX2P1	GSM5088279	1.0198920763856196
YBX2P1	GSM5088281	1.0128529238064856
YBX2P1	GSM5088283	1
YBX2P1	GSM5088285	1.0086171589446156
YBX2P1	GSM5088287	1.0342616696891775
YBX2P1	GSM5088289	1.0291291295538048
YBX2P1	GSM5088291	1.0444565839797195
YBX2P1	GSM5088293	1.0271285477368342
YBX2P1	GSM5088295	1.0303943792766896
YBX2P1	GSM5088297	1.0218974130597691
YBX2P1	GSM5088299	6.160116672802709
YBX2P1	GSM5088300	1.0340786412752847
YBX2P1	GSM5088302	1.0230276866545278
YBX2P1	GSM5088304	1.020863922442935
YBX2P1	GSM5088306	1.0319068837913443
YBX2P1	GSM5088308	1.0205188304787385
YBX2P1	GSM5088310	4.089928561526138
YBX2P1	GSM5088312	1.03415704891956
YBX2P1	GSM5088314	1.0185401192652856
YBX2P1	GSM5088315	1.0257087234453983
YBX2P1	GSM5088317	1.0335649001524403
YBX2P1	GSM5088319	1.02363911594978
YBX2P1	GSM5088321	1.0284970874248096
YBX2P1	GSM5088323	1.0292877846062916
YBX2P1	GSM5088325	1.01833406877589
YBX2P1	GSM5088327	2.047113077446986
YBX2P1	GSM5088329	1.0278531705150975
YBX2P1	GSM5088330	1.0218236299461347
YBX2P1	GSM5088332	1.0290852040214158
